-24.456947750 28.653737881 -13.006511860 -0.008107774 0.676008461 -0.705620089 0.212243053
-25.041482068 27.664392141 -9.797304791 -0.391255505 0.477220447 0.565451440 -0.547215170
-27.859300545 23.206762070 -12.755402072 0.134481435 0.249061596 0.246997685 0.926755204
-20.793037364 21.508281296 -8.540816145 0.372428976 0.003307357 0.055792256 -0.926376243
-25.200510283 23.781443801 -18.367428024 -0.298508826 0.650309859 0.195230339 0.670726981
-13.674069542 23.527838381 -20.241578476 0.685304460 0.675651936 0.255680720 -0.092084891
-23.464614496 26.634346717 -18.799855321 -0.381513307 -0.133083674 0.908032060 -0.110517463
-20.876776369 27.784955788 -10.583409437 -0.197808340 0.558550042 -0.803647067 -0.055182439
-13.326344241 20.971633867 -16.150639531 0.487061054 0.592241016 0.622663603 -0.155923526
-28.618330365 23.000154173 -9.664239880 0.780059140 -0.132896936 0.611021544 0.022334193
-24.412389441 28.379331324 -9.586627015 0.436429309 0.790312185 0.384845532 -0.191911503
-19.128833966 21.133503668 -17.823979987 0.167052089 0.271929907 0.933539170 0.163255457
-11.798639424 25.386177187 -14.147250211 0.079970050 -0.769027140 0.554228324 -0.308274252
-26.283142411 23.150925352 -19.381456704 -0.914701689 -0.334556930 0.171918750 0.147771524
-15.161501607 23.283601632 -11.082215895 -0.187301215 0.469294114 -0.857175572 -0.099656048
-23.132971795 24.341271564 -5.168634251 0.396402706 0.509960616 0.725254042 -0.238351924
-19.869317474 25.692268680 -11.064861238 -0.386573306 -0.552502676 0.649221539 -0.351871092
-13.477662840 21.196844811 -11.490079397 0.735689705 0.317481637 -0.557355660 -0.217533300
-21.713857785 22.361484401 -15.422553417 0.445926753 0.436380424 -0.374224224 0.686059536
-22.919625604 25.139737144 -13.101454013 0.555237079 0.700917764 -0.092382331 0.438054311
-17.267218530 21.428107123 -14.759053954 -0.285434983 0.338263104 -0.894097752 0.068513883
-23.834958712 26.570105613 -14.556895068 -0.711214066 -0.479965473 -0.249572115 -0.448911413
-23.489072370 30.352022458 -18.874674935 0.534803281 -0.185816608 -0.750483873 0.340927552
-22.634508058 22.486898730 -8.787539831 0.166104568 0.088728846 -0.980071903 0.063210198
-29.207465973 22.082639682 -11.907118239 0.375367296 0.769591689 0.382433914 -0.347235260
-29.711861866 28.388678858 -12.723042098 0.500601721 -0.508098448 -0.343016990 0.611206372
-20.266210103 26.324305099 -4.024802597 0.470552859 0.373973894 -0.093426477 -0.793722260
-15.924375759 29.689148519 -15.047538297 0.279075990 0.874738437 0.238566244 -0.316283742
-17.855688890 26.750147705 -5.519374685 -0.429308357 0.691849534 -0.096870574 -0.572411258
-18.896638908 26.441427967 -19.679730547 0.497539229 0.819781154 0.283550505 -0.003561684
-19.778419242 26.196809837 -5.615767596 -0.064638019 0.319162792 0.834967740 0.443605581
-18.229629607 22.435947457 -22.017687453 0.049526318 0.173894938 -0.958607809 -0.219951728
-11.417253302 25.061962291 -16.384257570 0.531941940 -0.816627880 0.108040745 -0.196173073
-14.854610978 21.661242391 -16.101876404 0.658234465 0.139573047 0.383001749 0.632895263
-19.209776291 31.035390848 -7.596654907 -0.195723559 -0.369622565 0.690592213 -0.590045628
-25.474677746 25.689725652 -8.633843468 -0.231186338 0.053266666 -0.931592695 -0.275409857
-14.018418909 19.388808802 -9.010548583 0.177473530 -0.894862142 0.350212269 -0.212311704
-17.056211800 17.477096353 -9.267645358 0.736756828 0.137977907 -0.189943733 0.634092148
-16.786368470 33.674953723 -10.698380720 -0.318960326 0.033965249 0.219076534 0.921474983
-25.178330089 30.829206225 -14.070516942 0.799298354 -0.079909439 -0.530414141 0.270919660
-10.855731288 25.431362491 -15.125181076 0.438430880 0.363492990 0.597122059 -0.564886232
-19.708179496 20.610583704 -4.984518633 -0.768075600 -0.209247143 0.503745877 -0.335433446
-23.929382679 16.439859947 -13.120149966 0.513954252 -0.158944853 -0.401338003 -0.741293038
-22.992634545 31.035627520 -21.121712741 0.627763671 0.042662025 -0.240373172 -0.739130207
-25.953789543 24.820324252 -11.431667553 -0.082589745 -0.185487106 0.812568108 -0.546357518
-24.580376516 19.531656764 -7.809687973 -0.420894157 -0.399766059 -0.698517188 -0.418460208
-26.937264199 25.454448704 -14.664370684 0.087276181 0.838149784 -0.014626632 0.538213591
-17.986162997 29.685916202 -7.267658600 0.116918831 0.822285886 -0.155246125 0.534859373
-16.607169696 30.595747637 -9.992009506 -0.047297110 0.058661517 -0.430039690 -0.899659755
-23.771672279 33.204502474 -17.407074112 0.035429338 -0.450913891 -0.595455451 0.663968547
-12.513634683 21.822350787 -12.603990845 0.285984629 -0.204561253 -0.151971499 -0.923727313
-27.210347419 19.161674713 -16.827325537 -0.078026483 0.737777088 0.102392595 0.662655712
-19.064474117 26.047085489 -13.909259761 0.181000444 0.234953755 -0.953544985 -0.052797102
-19.603603591 27.517380418 -7.027772354 0.524929705 0.834447719 0.030037804 -0.165056170
-27.191243239 17.913223130 -12.248371023 -0.053542525 0.787642895 0.613151319 -0.028236994
-11.027324778 25.049538116 -11.269319189 -0.670199233 0.089263137 -0.322289737 0.662566529
-13.108059224 25.726746976 -7.161578007 0.002642425 -0.307943056 -0.849430902 0.428522152
-22.310722915 20.812606172 -6.210325617 0.960079511 -0.021617825 0.278473884 -0.015241333
-27.209422098 17.924236526 -13.766443515 0.300362967 0.455790539 -0.290695605 -0.785832767
-28.985287873 29.565275145 -13.078508054 0.104485873 0.180276045 -0.975997130 0.063347081
-20.825152904 21.205057275 -14.299037253 0.287516387 0.779291368 0.424624045 -0.360185662
-23.058151151 15.697519581 -11.412549595 -0.814616746 0.171474513 0.248469705 0.495236160
-14.275674335 26.368295925 -14.168211317 -0.097464469 -0.350299807 -0.129938352 0.922446068
-24.551187305 17.151364334 -13.236721035 -0.273912888 -0.797805343 -0.536852898 0.016350217
-20.823955243 21.491000654 -12.215457895 -0.272457088 0.916096771 -0.132980641 -0.262392816
-28.234503111 26.396347671 -13.156394538 -0.809300445 -0.545343446 -0.093967678 0.196985762
-22.584745061 27.161579710 -20.242251509 -0.137677734 -0.133528393 0.102949558 0.976020696
-18.914130162 21.863092414 -5.726495356 -0.430764988 0.171860197 -0.848298275 0.255530105
-14.566557167 22.646493308 -9.492162552 -0.689998553 0.010366429 0.329265091 0.644499057
-16.929018878 25.118505188 -16.051860551 -0.059767483 -0.676945955 0.518493727 0.518976182
-16.700944479 29.372495094 -5.778062858 0.969548427 -0.058780951 0.009688454 0.237543218
-12.733517449 28.729797722 -9.516676609 -0.110446110 -0.701747970 0.266705675 0.651321370
-26.044838950 24.231179227 -6.378381257 0.138600564 -0.762992870 0.255859120 -0.577206961
-25.132892396 22.211159661 -6.710933006 0.977178114 0.083624929 -0.190209963 -0.044158516
-21.439432839 22.178723736 -18.345297837 -0.213479233 0.865628601 0.405444076 0.201813885
-24.697659067 27.547796545 -17.889091946 -0.884811261 -0.239674504 0.285453353 -0.279609634
-18.814455537 26.613017244 -3.977555485 0.577459086 -0.370655659 0.528071987 -0.500295276
-25.614504023 29.997008598 -15.278611684 0.067006574 -0.232680309 -0.338122959 -0.909418967
-15.079483528 31.297568387 -18.539885822 0.139353444 0.389463977 0.763775436 -0.495525490
-16.249223943 28.536254377 -13.607614404 -0.145239188 0.269118421 -0.333654297 0.891715013
-22.238712185 23.035107717 -12.342044880 0.071578119 -0.821221778 0.563094173 0.058277917
-12.920128724 22.498385995 -11.703812861 0.324749095 0.701135327 0.600039996 0.207121418
-23.892858058 22.061106766 -4.787199003 0.533725519 0.128414873 -0.066590738 0.833194073
-30.201195878 24.701690305 -13.991818853 -0.825479187 0.393024732 0.016639852 -0.404770042
-20.845432137 28.920810164 -7.348018299 0.482349142 -0.383731617 -0.785204226 0.059528782
-27.293827838 23.857381873 -7.237042077 -0.284085062 0.460762942 -0.169462212 -0.823574980
-22.263608203 24.916888794 -11.758394856 -0.511645957 0.840712293 -0.038590922 0.173008658
-17.580606716 27.331724046 -11.231696285 0.201501827 -0.860522417 0.154639955 0.441570683
-23.458554107 27.480937200 -20.902504996 -0.106632786 -0.155177641 0.310885293 0.931611337
-28.808686887 29.124269846 -16.192652667 -0.470918847 0.545978713 0.081516057 0.688111777
-23.219215011 23.196426497 -15.786981859 0.291694853 -0.347348196 0.102587116 -0.885290476
-25.324524914 23.406770964 -12.356653767 -0.382586367 0.127667671 0.407245967 0.819438442
-16.177198769 27.558249193 -18.675805607 0.610493254 -0.144639392 -0.393540963 0.671939687
-19.153406190 23.398386722 -13.757934737 0.201091119 0.324504215 0.748950220 -0.541602202
-14.962991444 26.780530678 -17.266393535 -0.070593354 -0.174811753 0.721105107 -0.666681974
-20.285609210 31.808658605 -20.890484068 0.402600864 -0.708805518 0.565317509 0.126187943
-27.491007013 31.657665721 -12.857507718 -0.403164142 0.258029975 -0.562898636 0.673813277
-23.214513826 24.995081797 -12.847834744 0.416722895 -0.458210117 -0.023844506 0.784740057
-28.075712298 24.539498185 -15.722257955 -0.214037438 -0.100483058 -0.920476237 0.311150490
-26.582911880 18.922845228 -13.543661891 0.557000698 -0.652791771 0.083516886 -0.506594568
-18.349304961 33.946481632 -13.303745735 -0.736125086 0.659331277 0.025719073 0.150800044
-16.178078198 23.905659010 -16.169851858 -0.768963564 0.203938038 -0.591043097 -0.133313058
-20.670275210 24.392662853 -5.606520364 -0.507961944 -0.769082786 0.313088254 -0.229046014
-15.635991782 23.485334827 -16.102912309 -0.963012224 0.096322242 0.218808978 0.124306530
-22.751633707 28.511020355 -19.220008762 0.018656120 0.281648848 0.901494684 -0.328075007
-24.139582428 23.317062792 -10.111245399 -0.221305903 -0.464886313 -0.696587884 0.499669624
-18.163125532 33.012937019 -9.566027572 0.413971987 -0.773946137 -0.280265866 -0.388697332
-21.494955595 22.116322180 -17.118126604 -0.556988272 -0.371288863 -0.717573887 0.192344384
-14.903723232 27.495056531 -16.582033643 -0.424139363 -0.226459126 0.113794027 0.869409561
-24.536209527 27.937041442 -20.533225042 0.798303662 -0.417642864 0.050329871 0.430990261
-21.058548655 19.377529209 -17.038548708 0.110374375 0.607403458 0.317404020 -0.719814716
-17.301161425 28.143111515 -11.588873995 -0.213908398 -0.933580389 0.154654694 -0.242389727
-20.663091191 28.894655123 -13.922090852 -0.180433773 -0.821130259 0.538380149 0.057754361
-24.032300769 26.562622898 -16.459900106 -0.727801164 0.252142926 0.629596718 0.101672919
-22.211593341 29.155321108 -12.657569034 0.437659537 -0.504336786 0.721252661 0.184100881
-19.735733111 23.485316113 -8.365593850 -0.215426813 0.921805914 0.222599970 0.233054499
-28.273196756 28.864480702 -11.093562640 0.069377590 -0.520401406 0.822059913 0.220423741
-14.462734514 29.188205476 -10.702663572 0.630033772 0.386777006 -0.445935334 -0.504581680
-23.399450796 28.540959300 -14.216975909 0.757093341 -0.466976608 -0.252118189 0.381023541
-17.715369966 18.728537218 -17.274643286 0.358348173 -0.735378091 0.019006152 -0.574842949
-19.391895509 16.996507094 -16.972064614 -0.598322174 0.644343408 0.342910451 -0.330521664
-23.810772465 24.363139759 -11.147944716 0.198333101 0.693594103 0.686038388 -0.094564964
-20.372023070 20.321242741 -19.386556668 -0.313819913 0.325419420 0.444176175 0.773515862
-23.767160419 21.112878354 -5.438189888 -0.132042166 -0.578549259 0.413112373 0.690784908
-17.744570635 16.977740296 -14.441429443 0.545958556 0.680378619 -0.389800707 0.295075581
-19.461636113 20.141088436 -13.793414494 -0.061959863 -0.110313827 0.231525431 0.964566125
-24.649688678 27.887529943 -15.031623937 -0.325939137 0.618837978 0.677064783 -0.228881007
-26.426694016 30.119593163 -15.842729311 -0.096534577 0.145904557 0.973896602 -0.144631754
-24.553619509 19.827571361 -18.958033241 0.654269801 0.690687718 -0.246183680 -0.185135353
-15.645220327 21.824939114 -18.950270511 -0.143568436 -0.225520876 0.818523813 -0.508475374
-17.736299788 30.262420128 -20.634407953 -0.359158947 0.072028919 -0.667569907 -0.648202981
-21.925664225 26.247355394 -20.313594231 0.462680964 0.804951059 0.079481978 0.362853598
-20.235226225 15.200990029 -14.890485559 -0.210709152 -0.662044255 0.685294096 -0.218337033
-15.212600618 19.508143653 -8.328059808 -0.860075513 0.081711489 0.458515963 0.208222133
-22.120849599 26.114415439 -4.865479763 0.173117639 -0.017611423 -0.951168978 0.254946458
-18.427498262 29.096607167 -5.971493269 0.563179435 -0.656284491 0.482323722 0.139583015
-27.560385357 27.372126174 -14.186058541 0.280018311 0.094023294 0.473962638 -0.829523227
-16.779628077 26.544286628 -8.630033105 -0.142410277 0.563760162 0.313325148 -0.750813655
-17.293962849 32.187001157 -15.380913611 -0.759521988 0.111027699 0.640681457 0.018068481
-13.783060469 23.812799499 -9.675021079 0.769438241 0.353067072 -0.513554128 -0.139894936
-18.819279204 19.145277858 -14.616377102 -0.217187355 -0.034495818 0.869210691 -0.442845872
-22.248307957 24.610534629 -21.917498662 -0.548983852 -0.244545933 -0.797894893 0.046666441
-21.337951268 18.187687089 -16.953974271 0.628682820 -0.262620032 -0.019499698 -0.731716060
-21.006336981 29.293374615 -22.446266014 0.405536850 0.587146677 0.303619587 0.631358685
-16.095543084 21.795732195 -19.292439133 -0.372083197 0.663572377 0.564146579 0.320880714
-21.711532895 33.992029998 -10.774390864 0.415510341 0.265444053 0.730657839 -0.472260240
-17.508806440 27.388566466 -16.388084544 -0.966379211 -0.171070491 -0.018551707 -0.191054811
-18.490249659 16.903658819 -17.209367824 0.966451687 0.256817212 -0.002005159 -0.003469160
-20.249652678 24.180273284 -19.143348582 -0.844671912 -0.183088947 0.235665312 0.444375584
-22.231069066 26.913227869 -15.563683480 -0.773896156 -0.141136629 -0.610184343 -0.094022648
-18.418548101 18.396854909 -9.512590377 0.821061477 0.184174450 -0.538443816 0.044900792
-25.109496500 27.949590849 -14.770580698 -0.606172052 -0.360747359 0.456875201 -0.541924198
-15.311646755 26.508128536 -10.068089077 0.485984972 0.065041974 -0.821484761 0.291120140
-20.827920754 29.016501685 -16.603629210 -0.384856940 -0.737240190 0.426002849 -0.356207259
-18.115934551 21.809183436 -18.363829829 0.230758720 -0.485174523 0.842240278 -0.044580375
-19.946376641 18.591378172 -7.405236707 -0.320779911 0.850463246 -0.298243063 -0.291313562
-21.678233038 24.489322246 -21.933318795 -0.156733405 -0.804682080 0.073224255 -0.567943305
-23.816274510 18.264236510 -14.230995331 -0.211737092 -0.148543806 0.856074028 0.447481173
-27.228213042 21.019484022 -9.089693044 -0.426254496 0.489267490 -0.448493954 0.614636153
-29.885594571 25.636519502 -13.831054967 0.012073338 0.240051349 0.970566302 -0.015186765
-28.786983159 27.000588258 -18.726240752 0.352671963 -0.665175281 -0.170467153 0.635692758
-29.079811372 22.127227418 -14.352133683 0.520011951 -0.713260802 -0.085862636 -0.462032691
-23.897814586 18.011228418 -12.340744296 0.366984001 -0.883164910 -0.286482217 -0.057187627
-14.187692962 25.843650680 -20.979863153 -0.077531245 -0.716505857 -0.692806647 0.025044218
-21.073405979 22.166695608 -15.379498611 0.236110653 -0.346226800 -0.128870391 -0.898760916
-24.513981293 21.971883272 -20.700491232 -0.460849052 0.160287335 0.263808275 -0.832064490
-23.157453018 25.856125186 -6.992665157 0.574997894 0.172678217 0.365223815 -0.711457111
-21.170668594 28.822520638 -13.267186659 -0.213206574 0.339418784 0.837796486 0.370722124
-22.283863393 29.730601837 -22.080717187 0.543699078 0.309745310 -0.730537435 -0.273430451
-20.972252935 17.123891861 -9.489415613 -0.875880393 0.304040864 0.366769271 -0.076635452
-18.642029891 16.526561792 -16.558734615 0.354424396 -0.165024323 -0.911937814 0.124578262
-24.440660102 31.278576750 -13.023101522 0.732472422 -0.570585835 0.301282841 0.217128086
-13.038856803 25.069510776 -16.867512024 -0.181353578 -0.931244152 0.095976899 -0.301137251
-13.178075322 31.431527963 -12.570286558 0.631705376 -0.098342989 0.658661953 0.396788867
-15.846728279 18.299231416 -16.125813178 -0.348462276 -0.197942598 0.045333760 -0.915061539
-22.371473802 24.092754001 -4.475266485 -0.142931505 -0.387381539 0.118823228 -0.902987912
-15.073468468 19.843716370 -17.213553989 -0.500930593 -0.006747175 -0.575813760 -0.646112630
-15.220347469 29.126542724 -13.959842240 0.432774602 0.276207827 0.820812944 0.250362717
-16.261237294 24.469906211 -6.940127098 -0.581382181 -0.697312266 -0.306213036 -0.286328379
-21.993642878 31.806380289 -16.438056550 0.709817403 0.033135993 0.502571196 -0.492426089
-22.312420522 27.518219481 -9.379995613 -0.030524162 0.062365189 0.893822146 0.443013351
-23.138195191 20.606081084 -10.023638691 0.322878695 0.858004157 -0.397654604 0.038066138
-27.880853827 25.475847231 -9.013911436 -0.480928995 0.521349523 -0.690308618 -0.142744488
-26.544221567 23.531382859 -13.439953701 -0.860389541 -0.343557633 0.366111895 0.087521834
-17.014834139 20.647515305 -20.934700989 -0.589490405 -0.754904527 -0.222078122 -0.182487054
-27.208251504 25.258104704 -17.258704865 -0.654196264 0.470347488 0.049070776 0.590247869
-17.092840053 17.340670929 -11.481253515 -0.715595648 0.499271138 0.485913450 -0.050391647
-22.260353320 33.492255198 -9.330750668 0.175088785 0.249600472 -0.752253418 -0.584087594
-26.536147840 30.540739311 -18.587214650 -0.624163627 0.383050729 -0.614078138 0.294278688
-15.178521237 19.904999294 -19.331286927 0.015428520 -0.327554202 0.031136470 -0.944193161
-27.887583479 20.633301664 -8.864994228 0.560045705 0.204939722 0.471918899 -0.649338949
-24.581095644 18.787649807 -7.079167897 0.486618934 0.573294200 -0.107043624 -0.650444030
-21.369523252 29.082526356 -18.556894515 -0.471434925 0.331972706 -0.036397591 0.816222059
-26.383470053 29.078251174 -10.288572360 0.427438898 0.557656246 0.670102426 0.239328724
-14.814171702 25.894368242 -12.037770502 0.040868719 -0.856175713 0.434009333 0.277360407
-12.537418429 24.735141403 -11.933203146 0.428023893 0.115118979 0.778707258 -0.444024971
-24.106208976 20.973955605 -10.561981748 -0.485617498 0.800818383 -0.348938049 0.033283656
-17.098579248 20.399977878 -9.215321261 -0.110178657 0.461187493 -0.467565348 0.746022389
-12.876828730 25.217971637 -18.306899527 -0.807254534 0.421946008 0.287857196 0.295702416
-12.732802903 22.362162071 -17.527381815 0.141399405 0.744661279 0.535667501 0.372217835
