-19.358103524 -34.306314970 -8.969493007 0.518068344 -0.181012656 -0.661886476 0.510632844
-16.563989247 -41.797063984 -6.251010145 0.009593838 0.373401544 -0.898831564 -0.229305613
-10.781436513 -40.677451903 -7.739074948 -0.207930801 0.813471847 -0.027140273 -0.542486629
-10.303775405 -37.988062713 -3.069551272 -0.306738974 -0.944500053 -0.108066643 -0.046394530
-11.904000101 -34.716004419 -14.483071809 0.028851750 -0.614979491 -0.754998863 0.225708926
-7.895278232 -34.449244819 -2.632462741 -0.156788254 0.603202930 -0.778188823 0.077368109
-5.712172205 -34.400791182 -7.268782261 0.354756653 0.601964802 0.644181436 -0.311153293
-13.750633782 -38.686754283 -3.152472722 0.462491813 -0.245131770 0.072368957 -0.848984377
-14.100132593 -39.934384731 1.906086039 0.030642844 0.549339098 0.284087157 0.785227393
-13.991397118 -31.576931869 -1.242270534 -0.133760040 0.935596723 -0.258370723 0.200028978
-5.886340331 -32.375865659 -6.061788667 -0.473233723 -0.092385031 0.564258189 0.670169788
-12.496671117 -24.187918163 -6.239198806 0.360516864 -0.188797431 0.902950641 0.138069764
-7.379025865 -29.444401205 -11.505625767 0.128665014 0.741205947 0.532313710 -0.388202488
-3.245770098 -32.020634743 -6.384546597 0.426830325 0.863246028 -0.254648278 0.088184035
-10.890304661 -42.045883570 -8.687416509 -0.697663130 -0.303481468 -0.086767838 0.643145783
-3.866568109 -34.567439583 -0.901615375 0.300691681 -0.837892937 0.238821817 0.387922774
-17.844401272 -31.733154152 -7.565780422 0.076897039 0.380082683 0.861852008 -0.326856416
-7.487423033 -32.084752155 -11.384353189 -0.109331520 -0.638972832 0.547243174 0.529419727
-11.003291149 -23.512380969 -5.093523992 0.167726462 0.830837928 0.527207475 -0.060236612
-20.580467499 -31.201839914 0.604085787 0.290669471 0.108636157 -0.913402237 -0.263449802
-4.717177865 -31.031212027 0.256110385 0.069107696 -0.963546381 -0.048507792 0.253869045
-16.119840048 -35.313438592 -8.480635186 0.134803434 -0.677436424 0.344588436 -0.635741092
-13.914408713 -33.946590793 -13.069945476 0.786375882 -0.188133885 0.588275625 0.012263831
-14.169629848 -24.805413892 -0.450685692 0.778814045 -0.121936221 0.609241225 -0.086054465
-14.577662261 -38.744238084 1.655381465 -0.113367562 0.692147446 0.642690311 -0.308267535
-13.513792903 -26.068146069 -5.320397186 0.622673498 -0.250539586 -0.081007459 0.736848304
-14.732331107 -30.887551642 -11.814798238 0.673471722 0.061443656 0.211791951 0.705552753
-18.032817511 -30.355749515 -10.930643962 -0.641036304 -0.150082921 -0.181262138 0.730541998
-7.200843540 -31.506663201 -6.426929700 -0.141211857 0.188987003 0.221194442 0.946264309
-8.873375833 -33.081896152 -1.036810022 -0.240715538 -0.796207288 -0.301115032 0.466304324
-9.184268587 -30.634831774 -0.265854989 0.767279396 0.433364877 -0.469507723 -0.055133567
-17.025710487 -32.616299705 -9.574045676 -0.839337886 -0.171931147 0.482492630 -0.182078159
-18.800617480 -35.046543367 -9.273312343 0.692799287 0.583279203 0.358366364 -0.226689364
-12.278554646 -27.148524432 1.527551737 0.286666533 -0.075157591 -0.491684608 -0.818791721
-15.219760367 -24.374365496 -6.022711347 -0.797753006 0.518929074 -0.121504652 0.282027262
-19.006857221 -26.842960558 -2.711662427 -0.536829956 -0.605840632 0.266722577 -0.523096352
-12.885646325 -34.167824499 -0.464443892 0.382153664 -0.156066301 -0.852098608 -0.321760546
-10.065723053 -29.396019355 -0.412832284 -0.687999336 0.037268534 -0.708736158 0.151528968
-12.936100604 -36.814031316 4.394928318 0.360869406 0.530959113 0.213812532 0.736301496
-3.056698539 -29.926497409 -3.857669343 -0.535510188 -0.230517120 -0.493522030 -0.645388799
-3.604604915 -34.658097863 -6.070103798 -0.883915485 0.378452076 -0.273598289 -0.024726862
-7.501404578 -41.859777645 -5.559739754 0.286651697 0.481059120 -0.823064061 -0.094754837
-10.404025903 -36.791190763 -8.268417613 0.459707981 0.443247438 0.720405895 -0.270583864
-16.696079713 -26.379738472 -9.939960244 0.767354264 -0.105468005 0.632139446 -0.021063114
-16.280615863 -27.536709717 -6.765670262 -0.463999919 0.112753488 -0.607627746 0.634648917
-20.804063923 -36.428786036 -3.829127718 -0.109384183 -0.270322248 0.257620777 0.921190815
-4.964104972 -32.940591224 -8.716098217 -0.437675761 -0.784403236 0.254032919 0.358634587
-5.811224899 -28.954348135 -6.286556060 0.115648465 -0.393084343 -0.791474757 0.453517189
-17.195099147 -37.321458665 -5.883582490 -0.114284982 0.349996532 -0.847490108 0.382363553
-6.962586685 -32.015433209 -1.744851728 0.409551004 0.786111501 -0.162800753 0.433350432
-5.766391212 -33.884554961 -7.684951787 -0.346426754 -0.664614490 -0.643185391 -0.156807641
-11.386420619 -28.010653497 -9.528943680 0.976219611 -0.206990078 0.045744071 -0.045363617
-12.861406469 -29.559117703 -4.829332702 0.749056367 0.134554742 -0.648680378 -0.004831853
-16.610481183 -34.814204080 0.064005648 -0.416170751 0.186385166 -0.687446575 0.565225338
-11.871717127 -34.951682289 -6.572176558 0.896275993 0.392060323 -0.094539876 -0.184500027
-9.382544332 -35.321259531 -9.684044981 -0.318676339 -0.305398994 0.103721016 -0.891301743
-4.940028540 -29.504982104 -2.477104547 -0.600654609 0.054298992 -0.748573543 0.275505554
-17.374755591 -37.703465638 -9.149199924 -0.817317909 -0.550414531 -0.169222627 0.019974542
-4.005744169 -31.357983240 -2.092569886 -0.219237487 -0.485786086 -0.771003717 0.348568604
-15.176562674 -34.759315448 -11.744869406 0.010158675 -0.391088106 -0.919017520 -0.048514866
-7.871966131 -33.016199528 1.347938792 -0.329142613 0.527895497 0.461541063 0.632432868
-11.489749217 -33.203848101 -3.857193890 0.633206936 0.261998786 -0.572574581 0.450071063
-12.795935640 -27.746102995 -9.732029888 -0.094700078 -0.902798104 0.330379092 -0.258528787
-15.695236424 -39.680532937 -7.259101414 -0.551686285 0.414562775 -0.558223294 0.460615570
-13.863373008 -30.868432273 3.144217249 -0.107052944 0.065520511 -0.976645466 -0.174385673
-12.900815796 -30.114743912 1.610820629 -0.412707824 -0.658288616 -0.591880999 0.214488307
-6.176790851 -34.221138393 2.424728761 0.139941103 -0.091435965 -0.976327551 -0.137260572
-12.730032582 -34.566878625 -12.312770267 -0.492913750 0.454452132 0.663533965 -0.332012005
-17.715054415 -26.379440190 -6.536238433 0.051535906 0.491547392 0.855511975 0.154351782
-19.439952435 -39.123005682 -3.933245422 0.409442777 0.713948995 0.485233670 -0.295265526
-17.507117037 -39.619036245 -8.114226326 -0.975217538 0.046968835 0.056326384 0.208739123
-14.866937246 -30.156424065 -3.186680597 0.100858890 -0.069936478 0.901080108 -0.415921883
-5.512506796 -32.771467088 -1.480208490 0.244053844 0.192650939 -0.889740270 -0.334193939
-14.683019673 -26.292977336 -1.699403723 -0.869428720 0.381946337 0.313229444 0.009900150
-8.891090891 -31.154294723 -11.273308328 -0.344829014 -0.013165194 -0.035360194 -0.937906864
-5.458267149 -36.327565852 1.358576522 -0.701289957 0.113503328 0.703672500 -0.012425938
-12.668990727 -34.095239326 2.517762937 -0.695870804 -0.710402208 -0.094562757 0.046372538
-14.084338363 -35.805778841 -6.741498957 -0.611096252 -0.607962640 -0.498079215 0.094127018
-16.178656200 -40.930133207 -4.441204847 0.099296158 -0.726085380 -0.156986033 -0.662039032
-18.989224149 -30.533271300 -2.079732360 0.960589539 -0.241121064 -0.040864744 0.132130400
-17.647205160 -27.635213346 -2.430140126 0.165272892 0.242637467 -0.871734632 -0.392289004
-8.803988279 -35.040162070 2.465411993 -0.185375324 0.749834996 -0.356513129 0.525625206
-8.469937031 -24.988875496 -2.021205074 0.534569904 0.390352016 0.460492562 -0.591444775
-4.153755535 -36.677845272 -2.399748049 0.008907123 -0.251723426 0.850617244 0.461526039
-18.939137527 -37.579508416 0.796470633 0.341484131 0.759020424 0.283907490 -0.476102007
-6.808047529 -30.785206786 -7.282977005 -0.652115553 -0.395549273 0.182912382 -0.620345983
-7.678582980 -38.588554281 -9.343011097 -0.593328216 0.697950786 -0.385840828 -0.109330618
-10.051814485 -29.989086811 -12.037400522 -0.918662030 -0.069829171 -0.034248341 0.387312552
-10.185207564 -36.880333655 2.009850203 -0.696723828 0.305466825 -0.614243114 0.209693404
-19.717421178 -37.137415556 -2.385077463 -0.587058120 -0.491582149 0.165776669 -0.621472325
-12.007914531 -33.153384490 -12.672446749 0.077675677 -0.764157170 0.119012198 -0.629179152
-16.856695982 -37.377668217 0.099064053 0.385307028 0.346855581 -0.526701001 -0.673658486
-8.153166811 -33.116460013 -10.568138168 -0.340966452 -0.368590996 -0.645879147 0.575084936
-18.163594643 -28.201457432 -3.466072179 0.017620497 0.318053604 -0.069528922 0.945355569
-6.392480836 -35.161779564 1.186088421 -0.782670804 -0.185269192 0.227841420 -0.548807822
-5.033781515 -34.731610342 -7.465115225 -0.049110202 -0.922624600 0.188527703 -0.332880371
-12.483635171 -28.974537187 2.278658784 0.258545694 -0.219261874 0.449174873 -0.826631894
-12.967365778 -32.076317844 -6.916156505 -0.247414714 -0.699255830 0.049410201 -0.668869102
-9.445071417 -29.378705871 -0.945111478 -0.250866374 -0.403865830 -0.355277989 0.804820480
-20.584591348 -28.117383976 -2.208037531 0.143124674 0.943843058 0.242036786 -0.173475657
-9.772559268 -34.608495714 1.870788538 -0.281145086 -0.008930618 -0.486987674 -0.826874047
-5.586491925 -37.978923525 -1.117464033 0.191681932 0.667681714 0.158941982 -0.701567255
-12.509557865 -34.465520503 0.693234500 0.205468587 -0.947006395 0.244072292 0.037286252
-19.640294388 -32.925084679 -10.956051736 -0.076743887 0.217523267 -0.972943741 -0.013209100
-13.564325961 -33.486304692 -4.875807450 -0.382790734 0.577976691 -0.720607724 -0.011777387
-8.414922247 -32.682238363 -13.289734274 0.072743129 0.776067363 0.621099494 0.081629068
-10.239193021 -28.710383039 -13.256011835 0.422260396 0.693687472 -0.073221261 0.578906293
-8.868737979 -24.965777649 -8.787279018 0.356403281 0.095395395 0.044376250 -0.928389556
-17.520123434 -28.557641345 -10.045153216 0.863358753 -0.484541119 -0.140576681 0.008352521
-15.190932870 -31.262920437 -13.874885797 -0.820145549 0.033048979 0.014524702 0.571014953
-8.831065769 -30.651516257 -12.204837192 0.744902896 0.128822030 0.040770062 0.653347045
-17.509102811 -27.058569634 -8.467400808 0.304014142 -0.489461609 0.304639153 -0.758417906
-12.828421332 -40.367655415 -2.987432999 -0.088948089 0.816106849 0.472100037 -0.321215508
-7.563510790 -34.805537985 -1.703055718 0.384979698 -0.088947135 0.722253622 -0.567651957
-13.735803253 -30.739290494 -9.402734633 0.018909093 0.592370239 -0.802158791 0.072672003
-21.140977678 -33.214726696 -5.243666012 -0.393556781 -0.072429635 -0.915983686 -0.028998186
-12.569123799 -36.146129279 -0.031444822 0.745984585 0.180993738 0.323177819 0.553447707
-10.075890727 -26.968853830 0.963547436 -0.145257646 0.543840727 -0.677688792 -0.473154711
-13.833976352 -33.549288127 1.000634313 -0.323993636 -0.150614529 0.415701256 -0.836382600
-10.657666698 -34.569471391 -8.461586164 -0.189745458 -0.661262416 0.322187250 0.650326114
-12.448145768 -28.863702376 -12.591502999 -0.068997948 -0.819385765 0.052629803 -0.566635999
-17.650085646 -38.184381616 1.638270124 -0.314069763 -0.072634826 -0.886526126 0.331897263
-13.975522949 -41.367236588 -8.443895786 -0.660927340 0.424813138 0.345368332 -0.513253898
-10.691582439 -39.577809779 -1.665198540 0.463447161 0.007501108 -0.432489524 -0.773377834
-7.598113709 -40.403470259 -5.881969847 0.788530990 -0.243136539 0.529609725 -0.196512190
-10.175213354 -41.019912676 -9.563714892 0.282808747 0.745982214 0.179055464 0.575733349
-17.312709952 -35.949901806 -6.760831686 0.468879362 -0.521437228 0.661362349 -0.266186409
-10.889167151 -26.695808056 -0.747659739 0.313407353 -0.858229380 -0.287561427 0.287274412
-15.738379585 -38.951207649 -7.831662462 -0.745266328 -0.560087262 -0.079772351 0.352869285
-9.641277992 -26.719763545 -1.211023295 0.001640132 -0.920821503 -0.382265748 0.077187865
-13.553470040 -33.137425786 -3.259348918 0.917360326 -0.144695944 -0.058261011 -0.366222296
-7.898320827 -30.598069238 3.727420540 -0.646711847 0.208903118 0.359998242 0.639159245
-10.324416952 -33.820633490 -8.906620988 0.241579530 0.883479406 -0.397646375 -0.054596976
-17.608341603 -36.179248868 -0.312625700 -0.643700250 0.253672214 -0.098644257 -0.715241012
-15.863381720 -40.394149930 1.214345829 0.266451912 0.391902792 -0.877893001 -0.068698312
-10.364984105 -24.286045008 -4.198322098 -0.428701532 0.856707784 0.199232125 -0.206333055
-16.391909855 -36.270519325 -2.991316378 -0.466306142 -0.017736244 -0.746698342 0.474010119
-12.621669662 -28.314207393 -8.161466329 -0.161558030 -0.809518676 0.362612112 0.432540140
-7.027767125 -34.682330777 -0.722578782 -0.142586144 0.934678872 -0.293883422 -0.140275204
-4.262028423 -29.106423412 -3.076259165 0.109905137 -0.056366953 0.979569034 -0.158707703
-10.850922126 -35.984442359 -6.547785545 0.533728496 0.451347542 -0.706633951 0.109944293
-10.544752293 -29.966458716 -12.220740853 -0.027400135 0.970353301 -0.073316384 0.228666594
-7.919835738 -40.322695429 -2.176794407 -0.438749865 0.809142937 -0.105847172 -0.376274686
-17.984697212 -28.463297125 -0.718965393 -0.715514143 -0.181058796 0.495662221 -0.457794917
-13.644882969 -35.421841545 -9.333440826 -0.728166836 0.630879266 0.169952086 0.207076555
-14.727347777 -29.971295796 1.479101955 0.922993313 -0.301201362 0.156046297 -0.181688296
-6.041993809 -30.588739556 -0.847733079 -0.844645047 0.452768409 -0.030365720 -0.283995486
-16.246563999 -28.929838669 -8.053472275 0.546714562 -0.180319960 -0.314676610 0.754696317
-10.027795476 -40.531567023 -7.240757617 -0.722464273 0.410766326 -0.526876114 -0.178095367
-14.304293863 -32.434478370 -11.865193058 -0.280264495 0.858616593 -0.412761769 0.117716100
-8.430342515 -34.245028595 -7.382162841 -0.000383078 -0.076478487 -0.291530729 0.953499202
-16.107904420 -30.253401989 -7.665646859 0.193946962 -0.745118363 0.591493676 0.239412682
-15.295599555 -29.603502200 0.980232744 -0.379556804 0.545130873 0.728832111 -0.166050348
-15.042828491 -29.343612040 2.942112455 -0.944119924 0.056123129 0.145190286 -0.290529765
-14.309561981 -35.969305972 4.539245581 0.101721002 0.055460177 -0.958855358 -0.259178336
-11.564808438 -28.778201792 1.806408051 0.353078084 0.503627356 -0.732132442 0.292707091
-6.045180888 -30.876266814 1.573810540 -0.420146468 -0.513761868 0.746233205 -0.051591580
-6.362089881 -30.489549301 -9.352225743 0.541383848 -0.686075263 -0.292327703 -0.388263797
-4.302382039 -37.572873940 -7.624263901 -0.836115605 0.071949308 0.266511463 0.474031257
-9.085648682 -31.885516141 -11.429166779 -0.854778076 -0.030164138 -0.457085946 -0.243961072
-16.576860893 -36.554260841 -6.732944534 0.032094095 0.236944737 -0.950667586 -0.197631732
-8.886368605 -32.970094882 -5.695598187 0.114848485 -0.325956231 0.364490585 0.864701668
-6.961806950 -30.963860801 -4.260411110 0.849080338 -0.355921207 0.267911384 -0.283912246
-12.678865118 -34.743105133 -11.487105987 -0.551402611 -0.774753636 0.309331755 0.005082306
-4.106354136 -30.409420476 -7.031829187 0.489903472 -0.778730793 0.390426542 -0.033764707
-7.972145296 -38.426311703 -6.048302830 0.401261554 -0.127370536 -0.658902406 -0.623388748
-4.411881435 -38.204614687 -4.774805233 -0.623087962 -0.489958076 -0.574257054 -0.204771364
-11.200537946 -30.818783005 0.155294966 0.759392647 0.465428331 0.108259117 -0.441564537
-10.589615750 -40.294874306 -4.602635914 -0.673033030 0.180760654 -0.715466705 -0.049593549
-16.032686583 -31.590949973 -8.884755858 0.446371444 -0.406692404 -0.792963902 -0.081006619
-14.852608698 -37.032261423 -8.787874902 0.447562219 -0.259338590 0.853422810 -0.064039546
-14.863167207 -27.804996126 -7.086049614 0.724785220 -0.215407892 0.520073848 -0.397251832
-8.801129591 -32.364224815 -10.528567041 -0.078700158 0.681523732 0.676818405 0.266924210
-11.726057485 -30.073953727 -2.702312691 0.888317438 0.215733505 0.081303354 0.397166147
-13.787590333 -35.840109756 -1.448168397 0.511341573 -0.200218754 0.500557439 -0.669241733
-12.802043755 -26.562541008 -8.237053518 -0.043640355 0.189464658 -0.390751516 -0.899728801
-13.950614708 -37.743167088 2.442352020 -0.330576285 0.381225385 -0.844275678 0.180513449
-8.668125540 -34.376030403 -1.975234175 0.497742335 0.705094737 0.071186653 0.500026439
-12.781142629 -34.400397699 -5.616629499 0.214045439 0.522920376 -0.819080707 -0.099225126
-15.940266024 -28.362166078 -11.739609595 0.880909029 0.004335739 0.198249366 0.429741402
-6.293832189 -35.302219571 -1.583476856 0.337844972 0.917439430 -0.104943380 0.182078429
-13.310577021 -26.296040831 -4.395248639 -0.540030967 0.801725267 -0.202391073 -0.156974536
-4.215763154 -31.914526985 -8.100318660 -0.069815791 0.761189018 0.443631127 0.467876540
-20.923914952 -28.311237599 -5.750095832 0.849555115 0.484156733 0.183576174 -0.100738037
-13.796124999 -33.960573291 -12.855381961 0.648690427 -0.216722607 0.655453348 0.320332562
-5.707773395 -30.036836262 -6.259656678 0.258047428 0.592115186 0.353244412 0.676778779
-10.327676570 -36.436345910 -0.306693215 0.062352275 0.357743860 0.860964916 -0.356189468
-16.541651831 -34.926995647 -0.545890213 0.749647932 -0.103417048 0.140907421 -0.638340028
-4.430734884 -27.775515332 -6.066831561 0.071752722 -0.897150537 0.349202146 -0.260826230
-5.418126083 -33.155908906 -1.630503899 -0.345980333 0.741414755 -0.283748255 0.500088689
-17.991276503 -28.562124794 -1.641821346 0.022676776 0.899743013 -0.019368955 0.435399953
-3.234947405 -32.841719872 -7.660007334 0.147420656 0.311251326 0.432054932 0.833497629
-8.672433869 -28.703245382 -12.170600799 -0.065339651 0.491437067 -0.864707437 -0.080631179
-18.486605399 -38.874189787 -3.659922733 -0.445573614 -0.379600562 0.720788790 -0.371256094
-7.053572594 -31.991995084 -8.961148820 -0.603468850 0.271560624 0.518406485 -0.541603998
-15.870376441 -27.203683873 -6.393777000 0.185785286 -0.053006896 -0.329982098 0.924005363
-4.620838036 -33.658455309 -8.408436621 -0.348439286 0.398705833 0.448701432 0.719924126
-14.318555775 -32.805393238 -6.072627257 0.895872882 0.219966335 0.058944407 0.381512972
-14.518449891 -37.660766123 -7.693219075 0.399060320 -0.468434399 -0.604639787 -0.505698332
-16.792984502 -28.194460478 1.078494316 0.011635373 0.907047443 -0.420418324 0.019441893
