10.311610611 -32.813600438 17.011885792 -0.060839328 -0.975478020 -0.185907155 0.100894694
16.212686390 -33.242547779 17.038080217 0.781248730 0.194964554 0.316186689 -0.501662457
18.609382999 -33.216479494 5.001996831 0.111470077 -0.936812943 0.129880194 -0.305101733
17.791811702 -34.265327845 12.154957290 0.807615461 -0.164431840 -0.566301774 0.004662481
25.339562335 -38.997672316 11.859995428 0.271080700 0.502226706 -0.664144103 -0.482903926
20.683459726 -30.898148401 13.324019436 0.189444139 0.127202954 0.650762807 -0.724180983
12.889152272 -38.228027994 7.602815602 -0.201479709 -0.246570426 -0.517006181 0.794552428
13.688314031 -32.030286841 18.919409587 -0.194769222 0.003680586 -0.371758507 0.907660187
18.528351393 -35.423108367 20.451429829 -0.277266176 0.174550374 -0.158384407 -0.931434385
20.473697994 -28.566324123 5.967743777 -0.287987836 -0.461721620 -0.828459683 -0.132403569
19.922951828 -37.018641881 2.649532951 -0.212059877 -0.111985505 0.522094222 0.818478759
12.670879027 -32.831208758 4.237010935 0.685265139 -0.699160167 0.149325982 -0.138883044
9.509262751 -40.332531667 15.255018942 0.317072034 0.444499061 -0.115972358 -0.829720629
15.419120632 -40.992596764 4.936518938 0.540531772 -0.817612945 0.191359311 -0.052116119
19.974407695 -39.985779712 19.529789269 -0.576372233 0.707124987 -0.228209173 -0.340132145
10.391048437 -42.061401963 8.560594319 -0.628275835 -0.746496458 0.213579657 -0.048951439
12.112598565 -38.467609435 5.907435733 -0.441362548 0.348362829 -0.634354171 -0.530506576
16.273679226 -33.318450346 4.117587382 0.725035578 -0.201282050 0.139809719 -0.643632030
13.777061436 -36.641192265 13.182270614 0.729654438 -0.624807956 0.271282758 -0.060208677
21.817411199 -35.465065019 4.999021072 -0.292694228 0.637261730 -0.144861066 0.698027827
12.135718593 -33.560024868 8.125743595 0.490227146 -0.571899489 -0.656471345 0.040665632
15.507999118 -35.266508825 12.597999013 -0.910126098 -0.057832569 -0.036696368 0.408630954
15.543310684 -33.606440564 6.618152594 0.133308987 0.741260757 -0.241043746 -0.612094042
13.633277280 -34.194068362 6.573907166 0.452223948 -0.390430441 -0.376827268 0.707855057
12.616463688 -37.539038166 19.586541366 0.756044893 0.003949998 0.277122056 0.592945093
14.093478427 -38.524769414 10.431827380 -0.150370267 0.501416148 -0.497557657 -0.691669725
12.029011230 -42.419458262 7.046688852 -0.449288746 -0.164309552 0.452987562 0.752292671
15.910611142 -42.197117583 18.884340259 0.557742749 -0.334143506 -0.557689064 0.515998111
14.839846363 -33.071142633 20.257831338 0.456932652 -0.799426534 0.387250483 0.046549227
20.367610037 -30.206575228 14.982555165 -0.299578958 0.170986381 -0.275111574 0.897401653
14.705161933 -34.734991714 19.344188484 0.013726595 0.013596276 -0.897014905 -0.441577833
22.919308273 -32.260631310 10.134423793 0.779906334 0.138248993 0.567497060 0.224900896
11.868919482 -40.795457885 10.255518863 0.496341459 0.838581759 -0.179659266 0.134715764
13.549235479 -31.938688721 5.252169864 -0.288553353 -0.647201568 -0.610370118 -0.353999170
21.222259476 -39.853750252 19.202380728 -0.694649622 0.009036332 0.546556909 -0.467606451
21.678524039 -35.614263247 20.007908604 0.934561345 -0.262474222 -0.018711118 -0.239483338
21.034697922 -35.069395093 10.256218120 -0.084827345 0.428762137 0.538223504 0.720612803
8.580782817 -35.492958721 12.025437254 -0.799283327 0.139482083 0.006097366 0.584511534
16.779192809 -45.015133246 13.494603411 0.012196427 0.937057416 0.293624517 -0.188571710
17.106886008 -36.776233615 9.269693798 0.463853430 -0.063940557 0.461957140 -0.753224536
13.305832993 -32.732273553 18.207177883 0.106250678 -0.500606663 0.547948147 0.661707330
21.374878931 -37.342549274 11.265748437 0.615954793 -0.392058609 0.226567535 -0.644637024
16.411889747 -37.134271852 4.547215195 0.254232155 -0.334422681 0.902759672 -0.092479491
19.398038876 -34.710044479 6.977744463 -0.747705613 -0.445819576 0.005425188 -0.492089209
23.995604885 -40.544965600 11.174790497 -0.069956495 0.672091945 -0.486662191 0.553677178
12.539711651 -33.447918838 15.816595390 0.307117104 0.774624371 0.211193994 -0.510914147
21.468419448 -41.723730761 17.874454366 0.200052898 0.644757882 0.725031944 0.136362722
7.904253671 -38.203236047 7.847794310 0.440025024 0.279935866 0.723560372 0.452188320
13.924074240 -30.616658504 16.776274004 0.098008010 -0.922467000 0.263855731 0.264252185
15.632354171 -44.254421022 14.521799345 0.876738335 -0.467616544 0.111949842 -0.011484451
20.988114694 -38.526374640 13.671926546 0.035983126 0.418514184 -0.725062781 0.545742665
21.853839839 -43.395969248 9.904613487 0.618772169 -0.278204989 0.505547532 -0.533052230
18.628309077 -38.095361269 20.648868507 -0.164958048 -0.305656974 0.931990346 -0.103714278
16.342723896 -27.740144423 13.748504406 -0.167378093 -0.266643496 0.612973884 -0.724671538
21.613139427 -37.746388471 14.762296687 -0.005470321 0.257017077 -0.717124433 -0.647800004
7.645741066 -34.162078714 9.185265901 -0.459443428 -0.090781790 -0.883519443 -0.007987269
12.444731527 -41.125599272 10.351186549 0.115523880 0.473305300 0.099767119 0.867572964
17.456539787 -41.019799205 3.892705827 0.518093853 -0.734271253 0.201166632 -0.389815947
14.649155165 -44.789944863 8.428861323 -0.294574147 0.328595731 0.846053645 0.299072143
15.935527839 -39.344523502 12.406844323 0.113691697 0.222417545 0.620861486 -0.743058308
21.341638423 -37.682815679 7.141810490 -0.393609453 -0.470360311 -0.476973858 -0.629546436
17.018506824 -32.171718670 8.262280344 -0.363311454 0.820962018 0.170734156 -0.406049258
13.964421615 -43.502731780 14.797873672 0.116945359 0.657691338 -0.734192379 -0.121356656
16.029040810 -41.627801477 17.119886973 -0.478947293 0.261784748 0.832028440 0.099029851
17.025142361 -40.792917309 13.740882248 0.795716543 0.384457041 -0.336091200 0.325684929
12.707713446 -33.888896143 16.298090640 -0.203369013 -0.773030093 -0.290150603 0.526192121
17.953618699 -37.808460649 13.644714405 0.632168463 -0.443861960 -0.362147478 -0.521726747
17.120002393 -30.723893122 11.655498993 -0.120399740 -0.249130169 -0.710328878 -0.647202400
22.618735392 -30.648750124 9.380615905 -0.874520074 0.336100830 -0.274983361 -0.215951438
20.501973549 -30.893688446 12.733500438 -0.619507695 0.176123481 0.630206885 0.433624281
19.189997657 -29.041031559 6.473900189 -0.343933523 -0.392184265 -0.526425026 0.671399974
21.277646066 -35.245957290 6.140247023 0.566912491 -0.235470111 0.196801243 0.764482390
18.612790422 -38.978289351 7.569751296 -0.363983615 -0.710222658 0.029154283 -0.601871857
17.309799760 -40.981973205 5.922234947 -0.161611654 0.645181048 0.044665283 -0.745404656
12.051979840 -32.288803996 14.382396979 0.675706886 0.292869422 0.323371411 0.594204204
11.721044255 -38.271261469 17.427340294 -0.472841405 0.032727346 -0.096238987 -0.875264522
18.213826489 -43.636303156 15.189948463 0.134213015 -0.006277829 -0.876742674 0.461811367
15.575260712 -43.604194910 9.873027049 0.063548319 0.440596957 -0.667371787 -0.597035033
12.580543980 -40.184863787 9.249028633 0.794967326 -0.165730011 0.502017277 -0.297555317
11.091127873 -29.874542232 10.045217404 -0.715461243 0.474714476 0.461977357 0.222122259
16.909736362 -36.031261416 4.806484505 0.365757321 0.735625083 -0.569202480 0.032952342
17.293217282 -42.090760080 8.185960349 -0.218615514 0.934935824 0.060352855 -0.272873222
16.597074345 -41.568979448 9.024135367 -0.784315182 -0.319914805 -0.315836835 0.427494218
21.373430631 -40.181925687 15.298119025 -0.437617529 0.402777404 0.589464604 0.546619376
16.065935876 -32.778094453 13.771751691 0.363615613 0.844190331 -0.007129951 0.393796311
25.498158208 -37.137445407 11.904635984 0.557717507 -0.707771683 0.267695019 -0.341100869
16.546348219 -44.843250839 13.677620284 -0.083317300 0.540619808 -0.836449456 0.033775107
15.027620611 -39.132503068 14.718184733 0.522295928 -0.165418934 0.600142329 -0.582814486
20.059028048 -38.455746480 10.725964360 -0.059672710 -0.541420607 0.623093515 -0.561299711
19.178401443 -33.967313170 9.323001796 0.166061854 0.414269220 0.800132223 -0.400740439
9.402913228 -32.079795412 8.261266559 -0.123195495 0.823347099 0.003875007 0.553992247
9.090955269 -33.417070545 16.641101755 0.160801749 -0.697099569 0.242734319 0.655190841
22.950906405 -29.398476286 10.425086839 0.820371335 -0.140913361 0.217400526 -0.509775743
15.239058780 -28.650086324 10.944621971 -0.840336405 -0.382636196 0.277051413 -0.265832246
21.414624370 -36.783381432 9.786774688 0.294081377 -0.644471693 0.021433959 0.705487751
18.412834195 -40.109731204 13.245774972 0.423551553 0.772916726 -0.024395528 0.471814238
18.382707991 -37.423878772 1.830793650 0.933757521 -0.334282350 -0.109001869 -0.066864010
15.026872485 -36.294432947 13.680210191 0.174340850 0.410153244 -0.178145079 -0.877293517
10.220128907 -33.564816296 5.006496388 -0.591266026 0.165714578 0.230655839 0.754811930
19.412774978 -40.951854496 6.593767345 -0.710275369 0.628104243 -0.209725085 0.238766308
22.780145105 -28.936692224 11.322614997 0.262734894 0.888474801 0.371329862 0.060803270
12.761650086 -37.157127111 12.574409100 0.176765577 -0.272518265 0.739506471 -0.589591304
14.958149749 -30.833766884 15.350063908 0.138861608 0.914448589 0.372743123 -0.074590856
13.524620290 -29.224557923 17.379951210 -0.153643070 0.706851182 0.019326039 -0.690204113
23.771934520 -32.315554027 5.177002079 0.201033849 -0.235310575 -0.645342533 0.698389103
18.480615520 -31.405472059 3.229110640 0.285811380 0.324021815 -0.177949448 0.884112952
25.304136006 -31.026244394 12.050539242 0.556970405 0.011537210 0.782329152 0.278589230
18.745271893 -32.101329613 7.012495647 -0.504866380 0.096004137 -0.808874226 -0.285684496
17.253938756 -40.407960163 11.049942207 -0.622647239 0.121461474 0.180116702 0.751741644
15.468699835 -34.272063755 20.354821419 0.665733884 -0.611797324 0.281692668 -0.321172339
19.038907605 -29.412357682 4.164556585 -0.412797269 -0.873829782 0.176311580 -0.186906801
15.440750548 -33.147208372 15.861850970 0.063688781 0.545383758 0.807280123 0.216330992
9.916551621 -42.304125875 12.194105240 0.905296346 -0.344113954 -0.191571279 0.159136915
10.043949511 -35.957928147 9.908537198 -0.126487158 0.670424905 -0.339058281 0.647742949
12.626997974 -29.271258682 9.426636973 0.109904975 0.435372462 -0.421425476 0.787891036
19.691936872 -34.070455752 20.260708925 -0.648083200 0.285589656 -0.624696604 0.328908600
10.994669896 -40.558346477 5.179441342 -0.590557863 -0.061385809 -0.049755695 0.803117403
24.233759624 -33.976953868 10.922444448 0.374015266 0.317963660 -0.699506107 -0.519329278
25.066330918 -34.105867193 16.819068542 0.527785844 0.501220779 -0.590950236 -0.347847167
24.897487318 -33.047542919 9.807000687 0.443630394 -0.090772262 0.799577159 0.394498210
14.835745028 -36.753874970 17.625526355 0.099364903 0.466799782 -0.803140654 0.356636608
17.167788993 -39.699625720 7.789451504 -0.204371079 -0.516803363 -0.422941827 0.715728271
21.740242625 -32.317629993 13.184810525 -0.055910858 0.932866461 -0.354304458 -0.033203821
16.757559912 -27.871695576 5.860965006 0.643269016 0.549660742 0.484369869 -0.222404750
20.146512015 -44.615006729 13.120178440 0.572824124 -0.168644728 -0.801283251 -0.037102970
15.325906077 -39.047289338 6.098273762 0.304178420 0.261629222 0.620021069 0.674239952
11.593450468 -42.440345211 12.990791599 0.079759173 0.851282140 0.402340329 -0.327229968
18.572632229 -34.208957078 10.774153836 -0.025051623 -0.777870925 -0.349885530 0.521410929
18.085322060 -37.271782814 8.880218433 -0.547088270 0.138111457 -0.718529175 0.406614652
16.656099204 -39.905932553 18.839394643 0.870082448 -0.190969871 0.328535474 0.313929106
25.906201747 -32.901445973 10.265708494 -0.359851544 -0.856520704 -0.269125763 -0.253870978
14.440941464 -34.791245710 20.933000550 -0.160265250 -0.346814939 0.828799776 0.408809709
21.378650699 -34.778569726 19.188455841 -0.029249073 0.051012297 -0.559223649 0.826928744
19.244003113 -44.277149462 12.376339065 -0.520956459 -0.344775735 -0.769562354 -0.132317211
11.470451825 -39.707242716 18.848185210 -0.841712783 0.413834276 -0.280038472 -0.204546418
19.570912324 -29.808121237 14.256519776 0.378809947 -0.638197386 0.450063391 0.496638767
15.640260991 -38.525731065 16.895088063 0.555001243 -0.796735299 0.213824590 -0.107077202
9.317339735 -32.935433469 6.566796693 -0.637050794 -0.511159318 0.292234131 0.497475277
16.652243900 -36.612288433 10.993913428 0.443742556 -0.320742415 -0.197522517 0.813143101
17.115965639 -37.448177703 16.022823330 0.534592195 0.438412574 -0.125543533 0.711508553
22.673617570 -39.592385983 8.584908688 -0.310096323 0.770607184 -0.101117388 -0.547521792
14.850702299 -31.280441866 10.132712769 0.971161063 0.116595711 -0.199494886 0.058765808
16.086562674 -30.004456165 12.255707541 0.306191026 0.047574729 -0.243122604 -0.919170876
15.751906651 -40.632218287 14.607256183 0.943092480 -0.203803058 -0.229761037 -0.127478445
16.388045591 -36.303115609 9.826706913 -0.135745471 -0.910730286 0.318160896 0.225648306
18.820081154 -30.015381481 18.027961474 0.624138965 0.417391535 0.575040775 0.324904548
14.957224926 -39.026608671 9.949991761 0.553884709 -0.017066254 0.696420625 -0.455981124
16.728420164 -41.696803525 11.634776835 0.246458208 0.835922945 0.255099325 -0.418826355
15.495227440 -40.236349598 14.561664813 0.173153069 0.686073793 -0.323368171 -0.628294350
16.465466718 -42.005387124 6.543524807 0.465394948 0.753898247 -0.443987918 0.133864500
19.484985440 -31.369842875 10.446518570 -0.203833084 0.136303759 0.969173129 -0.024016777
8.801045595 -33.742136691 10.406639700 -0.685866712 0.726168974 -0.026608380 -0.039464771
17.553667792 -41.354310796 18.355701103 0.022208578 0.577767327 0.228142275 0.783353559
21.570653538 -33.771392264 19.830951889 0.456753896 0.153647808 0.857184227 0.181668464
18.617108753 -37.694389187 14.471814887 -0.063911328 0.990776378 -0.016899304 -0.118287468
14.587579262 -32.179653719 7.846940166 -0.165547743 -0.866614866 0.456439220 -0.115047194
10.964501853 -31.464544914 12.831958067 0.678105124 -0.154098164 -0.524034944 0.491746454
11.407574000 -36.997166135 3.283216616 -0.742709741 -0.352851133 0.569093703 -0.003267463
10.750382046 -30.986452834 12.926791383 0.130294107 -0.050988338 -0.351585372 -0.925641054
13.339433444 -30.423651848 16.162707497 0.466320635 -0.342166487 -0.044764563 -0.814532562
23.961999483 -38.179966792 17.468212109 -0.590997100 -0.176244896 0.748140981 -0.244837162
9.720725633 -38.239119962 10.553710820 0.439556583 -0.254005845 -0.846728321 -0.159129482
21.015496984 -29.830743541 11.029597508 -0.121526943 0.046099773 -0.066441902 -0.989288374
18.771675584 -38.808034332 19.872490905 -0.293558510 -0.920707306 -0.215920456 -0.139641739
16.314471869 -38.695577390 9.827975954 -0.490666209 -0.239054772 0.458702675 -0.701207061
13.012077529 -35.252323838 7.827611887 -0.747124188 -0.361511258 -0.471367071 0.298208219
18.286159408 -38.351709368 20.107233772 -0.061737100 -0.368979245 0.530299643 -0.760805583
12.266446117 -40.936244608 9.208977967 -0.550919168 0.125831614 -0.246793202 -0.787240491
21.424613741 -32.895750836 4.115198979 -0.494939003 -0.524609263 0.244546991 -0.648087397
19.080397989 -29.907503578 6.454450760 -0.276449799 -0.221761323 0.782484051 0.511972787
21.797097268 -30.127236710 11.312389835 0.841628184 0.226977528 0.320467758 0.370733891
13.107691945 -43.478782943 13.336490985 0.713273908 -0.425930918 -0.556512242 -0.010830985
15.310297114 -31.609984935 15.408691878 -0.745111921 -0.363568594 -0.545985221 0.120524858
22.692538901 -43.449755288 9.103580812 0.775945294 0.427859371 -0.301225692 0.352290138
20.535912365 -40.915827144 10.226330481 -0.320313264 -0.650922644 -0.093081933 -0.681934658
15.856517904 -43.528751327 9.121926946 -0.199394252 0.281821859 0.138865745 0.928188923
11.810459506 -41.996651910 8.915853398 -0.617401887 -0.084930273 -0.160215198 0.765462507
13.400519102 -28.211836828 13.159316420 0.826013983 0.163950905 -0.496815155 -0.209751527
19.461599695 -32.220459687 9.382669232 0.654996888 0.734570462 0.098079516 0.147532102
19.656549656 -35.216132509 10.056360821 0.132608900 0.975967270 0.149418873 -0.087044635
21.911863597 -40.589041194 9.127348505 0.002177113 0.050065932 0.849329878 -0.525478278
17.591145767 -36.517891890 4.921918696 0.065244722 0.003677062 0.798007781 0.599093638
12.809898043 -41.473840570 8.343378482 -0.564562952 0.214871847 -0.333087558 0.723983039
12.338114791 -32.293076082 16.729203337 0.755535870 0.423881541 -0.201484871 -0.457049051
14.707021289 -44.934697105 9.863724567 0.062937709 0.459290159 0.664579574 0.586025072
19.472465395 -42.600286807 12.239861152 -0.428563138 0.895304716 0.010990844 0.121005389
14.616440950 -34.626185168 2.215271710 0.673116707 -0.078972906 -0.031657376 0.734625748
19.040468791 -32.410930674 5.065065989 -0.557261272 0.252716810 0.422679582 0.668532766
14.886582423 -26.401260541 8.698637832 0.868513783 0.473718859 -0.145780133 -0.004733364
11.017742947 -37.743911234 17.381215671 -0.325433690 -0.076987034 0.942284603 0.016298343
15.594917915 -26.935457768 11.233408074 0.309392703 -0.468827233 0.436775269 -0.702641121
9.827902034 -31.060996651 13.246660739 0.582240755 -0.484170297 0.302051418 0.579085285
12.092677755 -36.304601769 18.255756510 0.027097137 0.534888485 -0.147767367 0.831459476
13.847000346 -41.677716749 6.900033167 -0.370783365 0.349676394 -0.391928729 0.765922964
12.738889323 -42.270388767 14.149881752 -0.905495831 -0.022579322 0.415064804 -0.085373785
17.545274472 -33.763980352 20.047141858 0.559261495 -0.502322902 0.655222442 -0.074711675
9.547279268 -34.998704812 6.862151602 0.709752311 -0.648777541 -0.018502914 -0.273855804
20.941032546 -39.376201758 16.412760337 0.353395773 0.593177050 0.359221023 0.627863577
17.844554311 -33.939211821 20.603857356 -0.193025720 0.657515033 0.343255210 0.642332401
18.294152626 -30.284049100 6.943303856 0.572584793 0.545393301 0.413567111 0.451281560
