25.185932574 22.251656548 32.436158289 -0.491352740 0.103129896 0.798459998 -0.332262458
21.845177064 18.254033217 21.095886509 -0.549223153 -0.501213973 0.030664641 0.667980659
25.754135839 9.613953622 38.145123657 -0.561123788 0.118581108 -0.669268458 -0.472396388
20.740186373 18.048910703 33.134674981 0.010753773 -0.238125736 0.796192536 -0.556109643
29.925013889 13.725585486 34.307746883 -0.482193127 0.232495434 0.527857365 -0.659395377
26.924519759 22.349997358 31.118202772 -0.247957305 -0.052123316 -0.881694450 -0.398014109
27.018953078 12.345312653 28.960049016 -0.407703257 -0.705420469 -0.056759059 0.577008168
21.658397145 14.361539846 32.548476092 0.422609646 0.155210429 0.873525211 -0.185106769
32.619781414 14.424940898 32.853027554 -0.047855373 -0.949752529 -0.282188396 -0.126687432
18.379375380 17.260925710 30.209532553 0.590578449 -0.048552412 0.748895508 -0.296673688
20.147585626 16.314382880 33.075102431 0.277794594 0.760991822 -0.479209191 0.337757549
30.566769800 12.213317869 24.142450418 0.041478914 -0.325356780 0.814956343 0.477774659
28.143682271 18.970901726 32.871644722 -0.864434566 0.413723344 0.143203754 -0.247140769
17.229528951 14.603155550 25.576329684 0.244126756 0.095233717 0.819053343 0.510376613
28.806643049 14.439655925 25.118650012 0.486055621 0.077562785 -0.830312747 0.261370792
29.175223133 12.359096212 34.564834128 -0.894259719 0.159872958 -0.374197605 -0.186323228
29.204555894 15.920163445 25.593116651 0.063364746 0.876496389 0.284470157 -0.383165394
23.973275285 19.018879621 29.063467098 -0.132493962 -0.424845720 0.894386740 0.044986924
25.326580110 18.440914017 20.624595149 0.458829154 -0.488227820 0.716579473 -0.193967167
23.117078167 20.304624889 23.874794859 0.286732814 -0.764589060 -0.576561412 -0.027655041
26.185661819 12.642930950 34.529425432 0.479388823 -0.351811989 -0.604806335 -0.529739538
22.527794883 21.073892923 24.777903809 0.404878069 -0.219761959 -0.394686048 -0.794985128
21.423771385 14.562627235 30.544752766 -0.470852417 -0.780901737 -0.406397817 -0.057717361
23.084527061 18.249844092 27.216872579 0.548360062 0.462511571 0.041703466 0.695445980
29.974634661 8.302782172 27.917020940 -0.069593066 -0.001138153 0.851551382 0.519630400
27.962120742 20.413383231 32.258791931 -0.614222220 0.009561186 -0.017474155 0.788881678
23.344709586 7.855335496 24.474293889 0.529811170 -0.767143133 0.314534984 -0.178491685
17.772663364 16.140829722 34.960871781 0.046312583 -0.108633578 -0.867576386 -0.483078778
27.060401269 23.278471134 31.627507353 0.456110874 0.884859970 -0.057103021 0.075663396
20.565989654 16.975746613 21.172044534 -0.543914790 -0.764154384 -0.324335331 0.122602499
29.145964119 8.602866605 24.570092146 0.376011796 -0.274359156 0.510595220 0.722934785
22.249085941 14.880582519 22.120271984 -0.418181302 0.570672713 0.169912342 0.685993330
24.488091661 10.022081324 26.822524825 -0.351672458 -0.032903676 0.410771163 0.840542017
17.235402072 16.634380525 30.842274744 -0.284793629 0.607700404 0.161545409 0.723530158
27.161077405 21.480974231 29.656976074 0.061562189 -0.887625795 0.408175360 0.204263115
26.964301625 22.225799387 32.028622769 -0.225289290 -0.962653822 0.062730792 0.136408220
20.475289827 15.578292818 22.022129113 -0.922924593 0.084161266 0.178141126 0.330745847
31.643300324 19.135927261 30.684876998 -0.472585393 0.353964097 -0.447503237 -0.671649698
25.237902841 11.381442357 28.801905216 -0.968620051 0.146228237 -0.021298431 0.199847131
21.390319193 11.713990991 24.222145775 -0.812796722 0.053403673 0.066991427 -0.576213229
22.171974369 20.898967661 29.393685512 -0.313602729 0.147009930 0.535304515 -0.770383336
23.139973548 6.277372494 25.895342384 0.844185744 -0.280797706 -0.049258683 -0.453956672
25.660748707 17.954797509 26.402588288 0.694062035 0.083220400 0.436403410 0.566484175
21.485699978 12.361435485 36.796025565 -0.433404580 0.809845350 -0.386434325 -0.083543349
29.173670071 13.230522281 33.667453940 0.786152921 0.314642685 0.445657846 -0.290435277
20.216493684 12.771140799 35.078018163 0.223204569 -0.363589461 -0.447409041 -0.786007363
25.496142800 14.307808956 39.705075408 -0.781326133 0.092881289 -0.001657029 0.617170799
21.717914075 18.117490792 23.731302102 0.578832205 -0.638643650 -0.182079731 -0.473217221
30.069772300 8.365351944 24.493268336 -0.041331566 -0.763050972 -0.353558872 -0.539482195
29.811347687 14.103636003 35.957529471 0.752300997 0.318970630 -0.249266882 -0.519775883
26.798572854 20.043730583 24.689208900 0.229948098 0.516324727 -0.724295406 0.394878227
20.736312464 12.542052918 34.669764527 0.928423363 -0.250056785 0.129563161 0.242311885
26.004924429 10.263103144 35.698698927 0.278431968 0.709779575 0.037180653 -0.645992409
27.522379585 14.292350343 34.758858431 -0.987652656 -0.059078568 -0.075610556 -0.123834558
27.258542846 10.429380879 21.956441092 -0.481009493 -0.187975168 0.276961128 -0.810301017
21.886376263 8.635378220 25.392193110 -0.582433697 -0.334187093 -0.079209040 -0.736760411
18.678667322 17.159192519 26.583608583 -0.786689589 -0.257444194 0.546027496 0.129212814
28.892876364 12.855816397 28.296767685 -0.494809132 -0.439595427 -0.329726257 0.673201588
21.253602189 10.517419752 37.547411294 0.380109534 0.676141186 -0.574413469 -0.261532035
28.525833450 6.852616945 29.706921444 0.576556412 -0.562269681 0.052465352 -0.590493774
29.176865124 15.807433552 27.443941217 0.801932420 0.418960191 0.247721211 -0.346425973
18.048191830 20.812059141 32.896663030 0.242417981 -0.635407621 -0.728586690 0.081560488
34.347112664 13.791667812 29.129122513 0.433204191 0.806094993 -0.287053169 0.283099750
32.859528937 9.084157748 30.635843221 0.390116866 -0.471929719 0.330899689 -0.718050533
27.921203991 8.723682711 23.999015776 0.551855793 -0.280237036 0.251612003 0.744052274
28.088293014 12.236639594 21.958533021 0.324616721 0.900727959 -0.082276065 0.276665460
28.689538516 17.626441220 38.467352066 -0.676542219 0.297191998 0.266515115 -0.618819226
31.953142875 19.157057554 26.916227112 -0.173186635 -0.464084092 -0.814742460 -0.301375296
22.440686024 20.570609871 23.039386506 0.389450037 0.084186297 0.916673124 0.030849952
29.460054715 20.097389984 32.744927057 0.492591037 0.543610826 -0.479564686 0.481517447
25.612018430 14.882707671 25.241623982 -0.797256675 0.177423657 0.004851864 -0.576956757
30.482986303 17.845689460 29.669093162 -0.331643728 -0.050224836 0.787707637 -0.516726797
26.405530482 13.102373967 28.931199459 -0.593211960 -0.794013359 0.049503481 0.123254864
27.253638200 7.752022629 29.674862267 -0.337679134 -0.862893250 -0.095287465 -0.363742136
29.031289219 13.823919587 25.345924039 0.283573598 -0.331805195 0.298472228 0.848767139
19.186951949 20.717830615 26.649791822 -0.843044996 0.322538259 0.368600692 -0.222211018
20.348502506 15.059947529 32.143338500 -0.067827713 -0.248772010 0.854729275 -0.450499450
27.898360800 13.019089586 30.300183581 -0.442106334 -0.713401092 -0.126052503 -0.528877715
25.330329335 15.223089124 30.562406651 0.240022156 -0.608176949 0.261760873 -0.709923524
31.134816523 8.418393309 30.983347743 -0.273882050 -0.545428678 0.719460996 -0.331469538
33.357043462 14.834918921 27.428401277 0.339825448 0.071709619 0.563297329 -0.749714955
20.763084696 7.438155732 24.951200784 0.187135792 0.103455717 -0.814010033 0.540059975
28.518927241 21.905321831 32.254009356 -0.330791391 0.486078920 0.033441647 -0.808199230
20.442269852 13.468477935 30.227754013 0.991016721 0.011921990 -0.034363707 0.128696778
18.958725790 14.520737087 33.308708845 0.510488019 0.590891419 0.464834859 -0.417346220
28.727154145 16.793464436 37.810426012 -0.230034579 -0.883606106 -0.371864099 -0.167455767
26.406863244 10.367301144 28.358021149 -0.211629652 0.137314655 -0.090390672 0.963424674
20.451921963 20.999690758 29.469988915 0.104726525 -0.847931293 -0.124275451 -0.504579518
17.926944654 15.974047184 30.841181283 -0.423281445 0.113676036 0.895752918 -0.074412951
30.595694708 12.330540861 28.049462610 0.686971599 -0.428999952 0.338136317 -0.479262865
25.090698499 14.226806778 31.585801337 0.348979382 -0.393530937 -0.223776575 0.820530826
16.742145747 17.721801443 28.445684079 0.573187758 -0.740396403 -0.266965220 -0.228031864
29.171849073 21.323511289 28.155562772 -0.968953606 -0.119125061 -0.102031609 -0.191122158
21.521199365 8.596550613 34.377921541 -0.708377498 -0.499447292 -0.239249276 -0.437622562
31.879234164 18.850564399 35.522582289 -0.022235653 0.339728538 -0.919070186 -0.198494559
23.792724701 10.684720343 22.940248847 -0.627790527 0.534218661 -0.454387941 -0.337670070
23.747523769 6.509262633 32.212292453 -0.863677262 -0.207653255 -0.259368389 0.379037930
22.737390454 5.988615673 32.936404655 0.772769346 -0.046887193 0.226415259 0.591071281
17.969428979 11.817127914 30.479689304 -0.474966302 -0.691962025 -0.512483205 0.181539342
23.175743681 12.490312815 37.932539990 -0.624200618 0.659324529 -0.233803314 0.347851641
26.969495694 8.521671296 31.450043056 0.605159066 -0.223912948 -0.563538591 0.515819497
27.936998299 20.980752729 29.068450997 -0.428700105 0.455103950 -0.245370772 0.740870974
24.943999262 14.188173997 39.182235113 0.008284558 -0.906660434 -0.023900725 0.421102099
22.212091805 18.540798782 35.353289073 -0.372407906 0.865828484 -0.296385952 -0.154300862
23.269025324 17.745213308 36.754155138 -0.448992123 -0.365139803 -0.606420018 0.545283192
29.227720490 22.634643051 30.590351206 0.018828591 -0.568938933 -0.822159471 -0.002789118
30.705050925 14.776113068 26.939397247 -0.462084906 0.684168824 0.228721914 0.515826372
28.709731805 20.107639640 34.420368146 -0.129696890 0.940071786 -0.016207692 -0.314930252
29.136887755 13.200506648 22.333943452 0.394723645 -0.660046607 -0.631577173 0.098193662
19.512789334 16.038700453 24.853174363 -0.338237297 -0.152750207 -0.266344577 -0.889563641
21.216224668 9.751377738 22.364633812 0.690264624 -0.610330287 0.033624930 -0.387170573
30.442146211 22.433648966 31.153234297 0.745098337 0.064997523 -0.616796941 0.245286208
30.621359708 16.113915598 36.785426180 -0.794776214 -0.342537753 -0.085887488 -0.493580791
24.336286005 7.631893464 28.926236863 -0.678154107 0.080501681 0.551688619 0.478817454
19.453723813 8.472816319 24.757329711 0.160609297 -0.843677586 0.366107428 0.358298949
28.267770669 8.671912813 22.956855057 0.893960945 -0.409429948 0.129063146 0.128622122
21.374641465 14.608331700 25.060460664 0.841846982 0.210447565 0.267505342 -0.418863192
22.493722407 8.607352527 35.861760665 -0.200457466 -0.001615920 0.598930432 -0.775304154
21.255129070 13.759659440 27.798354382 -0.730324438 0.320663126 -0.558687364 0.227309929
22.511669886 19.237907819 34.499199157 0.307905692 0.686579675 -0.494175816 0.435422435
20.665038993 15.816283695 31.042412305 0.390721614 -0.739830414 -0.501712222 0.219709868
23.990096198 16.736353942 25.624677683 0.239205611 0.225569406 0.291169084 0.898398399
28.116535865 10.991800052 34.079615928 0.312937510 -0.720708873 0.577058174 -0.222828856
32.334052245 21.186952224 29.329676493 0.132477285 -0.969589272 0.070912677 -0.193178168
26.724442662 19.391684408 37.587370861 0.401071085 -0.443361270 0.291231975 0.746831109
20.489230991 19.600035655 33.975281072 -0.693767849 -0.410642921 -0.510445286 0.299172481
24.097003406 16.909707097 26.918405765 -0.198400887 0.774885528 -0.449902866 -0.397211427
17.691377678 12.887992650 23.475313751 0.148970722 -0.624251522 -0.746759678 -0.174550123
26.532739395 8.554941332 31.992077686 0.794417638 0.377541364 -0.432902169 0.197379958
22.233125839 11.066983635 34.497411227 0.597385150 0.505909577 0.272034037 -0.559628417
25.136348440 16.925224604 20.307233593 0.010290808 0.376274162 -0.901788570 0.212342246
29.684786905 14.532865805 31.334377304 0.608608986 0.585037031 0.187252725 -0.502258093
28.256476647 18.338986318 22.574430553 0.368072732 -0.157124070 -0.698123496 0.593681797
32.589161339 9.587202858 28.176704260 -0.337337959 0.582840216 -0.348486955 0.651964129
24.763798587 19.965283324 22.872904182 -0.645620365 0.736457160 0.178941869 0.093728351
26.296453073 13.738202649 24.265948008 -0.105613797 -0.593677021 -0.461266261 0.650866159
24.204023403 5.005303983 31.357204238 0.132907327 0.400168061 0.392316262 -0.817489520
21.989934309 20.104122058 24.405228049 0.746052851 0.207930679 0.412115076 -0.479928266
19.781978407 21.067110263 25.955831497 0.588413385 0.571644472 -0.561893138 -0.106152658
28.892958636 13.012793925 37.780796965 0.529218777 0.847509171 -0.018667935 0.036155210
27.534508589 11.897240209 32.243126293 -0.437465154 -0.252532674 0.803651212 0.314636644
24.553386232 7.760522443 33.067472476 -0.555305617 0.563960480 0.610102796 -0.036862277
19.851855297 17.325146292 33.945946796 0.794702173 -0.462491465 0.149551442 0.363571820
30.987619250 14.800824541 26.484553443 0.149262164 0.380319240 -0.212251777 -0.887708998
18.214345518 10.574615974 35.230692329 -0.408336077 0.595267098 0.496318578 0.482272329
30.004460306 14.258625641 35.943899346 -0.420805745 0.484096920 -0.079681538 0.763035746
31.022225292 13.570648534 30.269874947 -0.712460703 0.600062135 0.360260356 -0.050375163
21.634940160 19.084962266 31.085727710 -0.395427353 0.815282909 -0.420342864 -0.047569570
23.477971901 22.470290763 25.110373984 0.231734753 -0.553142247 0.764191512 0.237368892
24.997767149 15.489873226 35.235772834 -0.718579824 -0.601616499 -0.241221128 0.252017842
28.113584319 20.277130121 36.738512297 0.096869869 0.475868611 -0.317247324 -0.814567019
21.941676958 15.252871880 23.305597603 0.841814635 0.380186318 0.223738986 -0.311042362
22.716422838 7.130824141 26.425081729 0.596416076 0.676009171 -0.166087280 -0.399642941
26.009740198 12.736577530 28.272368307 0.496021162 -0.246465841 -0.126325840 0.822957701
21.886763617 14.987560579 20.872297942 -0.754920880 0.039307653 0.488101894 -0.436240662
23.809948546 12.150597299 34.674615166 -0.129199842 0.068252966 -0.350947269 0.924924293
19.824123035 20.397576464 32.199576457 -0.230828775 -0.537497344 0.809054975 -0.056962537
23.772311846 6.382908298 33.315308805 0.819165814 0.222055986 0.473028223 -0.236437747
19.438362357 12.753471421 37.670472974 -0.109599425 0.266276296 -0.915313218 -0.281578787
29.823074318 21.240498282 24.625488695 0.348793333 0.808738414 0.257828089 0.397253150
25.750781217 12.522402475 23.252941898 -0.793090415 -0.256034749 -0.552440188 -0.016236967
19.881214669 17.926668430 31.960920867 -0.225750316 0.637863474 -0.218971770 -0.703006648
16.113137996 14.028124281 29.096856328 -0.977814681 0.108507167 0.170918607 -0.053772421
19.445274989 16.285038625 21.954961066 -0.287040018 0.027994077 -0.944788956 0.155557669
25.189528378 24.033829583 26.224820984 -0.589483175 -0.762293583 0.114826508 -0.241315047
22.118832950 9.209929221 26.973186646 -0.034794628 -0.568468133 0.581185241 -0.581254704
20.570580596 19.665662738 27.178017012 -0.721914773 0.122039157 -0.142732061 0.666012810
23.505629420 13.990692130 30.603344557 -0.640845265 0.699358771 -0.278310438 0.150857404
22.266793170 17.195896571 36.193930180 -0.017980954 -0.329175984 -0.196108793 -0.923504845
22.967018433 9.080919730 32.038401726 -0.061813876 -0.130794331 0.006650523 0.989458265
29.654832504 13.859540966 29.819063412 0.700470788 -0.411104423 -0.166864194 -0.559008201
27.034935634 6.140153146 34.245017678 -0.980446652 0.036234263 -0.138458291 0.135058293
16.017191351 12.499110493 30.347752551 0.652124815 -0.485048260 -0.581098769 -0.042256735
24.136915677 12.734369270 27.266950502 0.197803862 0.165230357 0.476283635 0.840670245
22.866680222 11.208096538 30.442006360 -0.568107759 0.181672568 0.769459913 0.228429628
29.710196746 18.180698219 25.528306460 0.203315133 0.146367601 -0.763108085 0.595739484
25.542854493 18.093947104 38.897072839 0.799431388 0.145254025 -0.275212786 -0.513876100
19.088263767 20.690255369 32.147016763 -0.578198957 0.735921924 -0.349393004 -0.045049047
27.670494957 8.657490979 32.494773223 0.214784331 -0.407641671 0.364526630 0.809207201
32.257987592 11.207501871 28.354785791 0.830798104 0.041813951 -0.554880806 -0.011549706
25.204721907 22.666872665 33.596279149 -0.282381775 0.086082287 0.029603877 0.954973289
21.382040639 20.813437826 23.878890433 -0.511559456 -0.617454754 0.562544957 -0.201493726
19.486839956 17.936156656 31.825949317 -0.267025820 0.190177499 -0.425465269 0.843509950
27.017211596 11.393602657 28.560893686 -0.160624222 -0.279950820 0.887784943 0.328123898
20.757224688 6.734581259 28.945515120 -0.135447571 -0.918093553 0.317134849 0.195406428
29.489870001 23.355923740 30.822019174 0.985614183 0.142724657 0.017770357 0.088761307
21.422836290 11.974179655 24.040811169 0.348286698 0.287235621 -0.862937383 -0.227004727
25.303590811 11.606122168 31.030357055 0.382683580 -0.074539982 -0.545588170 0.741842718
23.272292241 16.362427320 27.315597485 -0.154714522 0.215997368 -0.044551853 0.963028393
26.489012134 18.417731827 24.915104751 -0.506324584 -0.290802201 0.094167687 0.806351005
21.484025152 22.040755875 35.603676922 0.303521210 -0.696565368 -0.542386838 -0.358452341
21.318087170 13.233445412 38.279276030 0.049421529 -0.617018759 -0.738577217 -0.267112444
31.907385583 12.455663260 26.931733284 0.408903248 -0.341809434 0.829249257 0.168256095
25.081082900 13.800784651 29.010891967 -0.385643233 0.554322263 -0.736530681 -0.039098345
28.933991388 15.220105610 38.032937014 0.695097450 -0.010341516 -0.314805829 0.646242894
16.686617922 19.014920968 26.917885760 0.426976876 0.343915556 0.230490938 0.803919626
18.317142482 10.447899251 32.991466487 -0.339630308 0.835439365 -0.149399712 0.405428227
25.060488962 14.277971271 39.585642093 -0.790366126 0.051483150 -0.590040481 -0.156598537
30.569178833 9.526716776 32.743916668 -0.449148341 -0.206968984 -0.440286887 0.749384457
32.353483628 18.173612204 33.607877601 -0.162116381 -0.057031942 -0.825023853 -0.538331941
