26.502035562 19.275448716 4.211958102 -0.650503117 0.123416847 -0.473443051 0.580917941
26.067825332 22.026741386 -10.045977925 -0.916881594 -0.174002711 0.086174723 0.348747927
29.269091125 33.663067108 -2.168618753 -0.083312832 -0.174143771 -0.517870756 -0.833392344
26.515293090 22.248061917 -7.259179900 0.423473213 0.775040711 0.407952308 0.231424389
21.821753885 19.542194347 -4.107179926 -0.351039825 0.273358134 0.188109598 -0.875591886
25.626771517 24.881552320 -11.851187923 0.474723800 -0.507227705 -0.103424047 0.711801121
30.183713953 19.509887044 -0.590772021 -0.473153749 -0.091628953 0.869422799 -0.108782638
30.217332167 19.209800202 -9.498011171 0.628539058 -0.301286700 -0.495599868 0.518213999
25.409359876 32.869937237 -2.320396189 0.754631152 -0.048611522 0.168443806 -0.632293783
29.750362344 21.711013531 -10.100982443 0.808307767 -0.174451962 -0.067349881 -0.558273285
25.357217386 26.253954141 -3.772361935 -0.220881940 -0.271116835 0.108401268 0.930567567
25.172696441 21.282586388 -10.314568881 -0.282289311 -0.124890697 -0.584261818 -0.750568576
25.327775927 19.555192778 -9.657837743 0.506162161 -0.316170624 0.440982323 0.670351098
33.463769668 29.221269968 -0.554120228 -0.633075396 -0.478474120 -0.231119654 -0.562904758
24.795394410 22.533757294 3.827398191 0.273039019 0.493917424 -0.466017129 0.681412729
29.482204111 22.294876294 -3.139949614 0.837160948 0.127192724 -0.358360901 -0.393142497
26.393303674 18.891810001 -7.464085395 -0.278877081 -0.053337241 -0.432481377 -0.855770162
22.340206635 20.467038471 2.897437780 -0.158863754 -0.272334934 0.907100921 -0.278861814
29.516109944 22.846633705 -7.305685003 -0.589514221 -0.678254552 -0.430458148 0.084554885
29.572843695 24.585295889 6.009753631 -0.175436264 0.032295159 0.592623932 0.785478208
22.433234061 26.427065005 -0.770223556 0.142490612 0.201196822 -0.967560014 0.055171401
35.213402228 31.535118640 -4.365746621 -0.631230742 -0.070116599 -0.749106476 0.188337197
32.667226477 26.368840693 -5.819974693 0.301460371 0.075764508 -0.755166353 -0.577152635
34.357224140 28.349627312 -4.625189380 0.512386096 -0.358530456 -0.701530702 0.341717830
26.039311973 30.006244172 -3.220376528 -0.388046623 0.247522556 0.204635220 -0.863873156
33.858429230 26.454124112 4.506180743 0.385107953 -0.292832624 -0.404692739 -0.775992723
26.824590630 33.136566370 -7.795897216 -0.114418682 -0.498241845 0.669687325 0.538685731
21.017357951 26.561145001 -3.503732730 0.855948346 -0.177753357 0.478957921 0.079721279
30.632405743 18.068598171 -3.157679622 -0.039172109 0.768734926 -0.557523526 0.310933558
28.838938853 22.873776715 -3.291947914 0.628747889 0.604778813 -0.488159888 0.024871744
21.322913857 18.553920978 -2.731479984 0.207275198 0.497590639 -0.825105528 0.169237749
25.947868159 31.797316943 0.271843393 -0.188911659 -0.518427845 0.833755065 0.019936057
22.632806937 26.575776026 -7.473774260 0.940840231 0.199324475 0.082655581 -0.261261303
30.841622757 31.384154879 -8.300434606 0.467414217 -0.240485948 0.630640372 0.570949367
36.356266232 24.744278358 0.717937657 -0.610665846 -0.115282273 0.701467013 -0.348914389
29.544607187 21.023445948 -2.709626501 0.311492759 0.284966270 0.894094168 0.149539643
34.112840180 23.509698324 -5.528746859 -0.611630070 0.198098244 0.147250801 -0.751653474
30.259288894 18.760127990 2.140003962 -0.574566414 0.623661310 -0.373493539 -0.376061938
35.990625665 25.375923176 1.202949164 -0.893552453 -0.305914311 0.193914388 0.265287878
26.368292847 22.915413916 1.679871255 0.605032231 -0.675707973 -0.421130197 -0.002023041
28.522065083 23.870320644 -1.663191091 -0.938945319 -0.043563011 0.240263415 -0.242399347
26.641658684 30.119129315 5.730655280 0.147374871 -0.411433547 0.789877158 0.430229194
22.925436264 28.609733313 0.496818846 0.276266820 -0.820836774 -0.244289391 0.436149433
24.412281053 20.556174336 -4.560882960 -0.304023992 0.810866098 -0.480464157 0.138635408
32.179880512 16.877988254 -1.550786771 0.482300039 0.725550567 -0.176538905 0.458036092
22.858143319 27.366074997 3.707194010 -0.011301418 0.125148037 0.847212587 -0.516179309
30.275685793 28.139699931 -7.996528109 -0.778690532 -0.080195686 -0.553247583 -0.284827702
25.500204117 27.090170274 4.216465520 0.455796682 0.282350027 -0.180545066 -0.824579485
24.391157938 26.013169903 4.838673119 -0.457677129 -0.369193152 -0.671565464 0.450808042
29.813953467 32.950165424 2.275801033 -0.677735061 0.064408701 0.710516369 0.178025831
26.446563143 30.062226015 4.887058597 -0.862248324 -0.061918534 0.093213500 -0.493968791
30.052331488 28.072220097 -2.702643324 0.725966777 0.356317352 0.528658113 -0.257935617
32.853459381 31.297600217 -0.514431354 -0.516161657 -0.344936165 0.262123159 0.738842091
30.337304777 28.862700086 -0.139161218 -0.045642114 -0.515684816 0.840380127 0.160459370
27.521513766 31.488904253 -3.490352886 -0.121900748 0.686470447 0.493876488 0.519600373
20.458283351 30.639184600 0.053361152 0.659579303 0.144722059 0.722467264 -0.148498217
27.249027402 23.642525169 -9.518169170 -0.746317035 0.421264761 -0.034253406 0.514172723
25.137043679 21.697600655 -3.049764029 0.017916381 -0.716849785 0.680589020 -0.150346184
26.568753375 22.730285392 -6.544516660 -0.116100217 -0.752918928 -0.646572941 -0.039714728
27.184190171 23.360178279 -1.824127155 -0.292663819 0.135088665 0.627476629 0.708782069
34.461199727 20.575839920 -3.828802964 0.575815506 0.349175340 0.465227074 0.574523154
31.110267176 30.796241619 -3.287792891 -0.338417370 0.883804740 -0.271624439 -0.174880042
35.351906601 26.343004196 -5.266567149 0.503931129 0.061748975 0.830091104 -0.230627926
33.544067779 22.515116153 -5.155364921 -0.830451049 -0.286323442 0.165378878 -0.448352282
30.232341281 15.700242524 -2.916212362 -0.451197180 -0.133339997 0.333507341 -0.816954346
25.860111454 26.918756223 -9.430418939 -0.011798600 0.605826205 0.671023449 0.427273839
18.818422785 26.435208153 -3.246350129 0.147367233 0.853219694 0.083675578 -0.493251914
25.463213957 34.706669429 -4.574622171 -0.155047797 0.297256832 -0.931575329 -0.140591478
31.015362683 23.875387764 -1.858995313 0.130808706 -0.522472929 0.759723965 -0.364322136
26.584311587 32.776814534 0.164185337 0.447834436 0.154111294 0.378858033 0.795085290
21.343509672 22.987098292 -8.617365669 -0.315011213 0.390718806 0.095329725 0.859662139
22.635455959 18.465508038 -3.902355315 0.168341819 0.972707503 -0.156127693 -0.033545325
32.155759378 28.762090554 -3.265479475 -0.815911353 0.498796285 -0.142963092 0.255053886
25.608946160 32.362247647 3.188560446 -0.359785509 -0.800430305 -0.370284266 0.304557509
32.103964115 23.985197437 -7.230034883 -0.459602700 0.804269739 0.356801244 0.120865288
28.248964987 28.027366896 1.484414839 -0.257689558 -0.466435319 -0.466404656 0.706045949
34.748605905 29.207772303 -2.760886541 0.117278423 0.275205163 0.807099975 0.509016228
31.032353055 22.611778961 6.063331750 -0.311519722 -0.247409527 0.341314095 0.851615334
20.918198865 27.198366568 -1.226276190 -0.252967772 -0.561452582 0.260290100 0.743658099
33.319820324 25.125337490 0.423275941 0.753423990 -0.625475706 0.162425064 0.121451760
27.403513617 21.134320308 4.535019786 -0.504471727 0.633950415 0.460208423 0.363074863
23.010038994 28.602613575 0.490586461 0.309875974 -0.920202343 -0.219031244 -0.096072068
22.803229440 19.354683978 -5.701918643 0.356560704 -0.263312365 -0.746050331 0.496930545
28.172073604 28.518664050 2.576663718 0.076314040 0.776250244 0.449994139 0.434875845
30.961496394 21.233831727 -10.556706654 -0.438322919 -0.096032828 0.893514795 0.016793602
37.274961368 25.761150959 -1.770433657 -0.184801482 -0.064775588 0.972721552 0.124359634
23.543671477 33.858581761 -2.573825781 -0.035769836 -0.780323825 0.190721285 -0.594508737
32.799949774 29.890891315 -8.917560072 -0.221158308 -0.695739981 0.171188403 0.661611225
23.888864811 27.113969734 2.204209086 -0.464267256 0.723605694 -0.116711485 0.497221423
29.234533105 28.928723802 -3.850626537 0.745446973 0.024835392 -0.379248781 -0.547596910
21.738213193 26.562062252 -2.115702171 0.623259228 0.569646503 -0.170155714 0.508033296
22.198919348 23.631702076 -10.033104540 0.623124912 0.542981922 0.538463639 0.164142884
31.912255253 29.384797799 2.072133891 -0.538242742 0.612474458 -0.576082988 0.057429780
23.802579543 28.872018699 0.491698194 0.585333112 0.678788799 -0.285146278 -0.339591687
28.682713594 21.874811662 1.199668216 -0.272778319 0.635242186 -0.271117682 -0.669742156
23.367688837 20.014226715 -1.323209945 0.942538892 -0.205385383 0.068709514 -0.254393954
27.030613775 20.264879764 0.058566163 -0.678625965 -0.281434292 -0.503655562 -0.454524601
34.277010907 29.361336984 -5.793419834 0.428018469 -0.255111340 0.387609296 0.775549758
20.853069272 20.236298313 -5.970845522 0.309630988 0.452195550 -0.558557408 -0.622624652
31.457268732 27.192834372 -3.533239389 0.409399372 0.156326863 0.602330638 -0.667197024
35.446845830 30.057612445 -6.501450623 -0.298850262 0.594730827 -0.676022587 0.316191755
32.381668857 24.157460513 1.961793397 -0.651712586 0.149855222 -0.127113894 0.732568205
20.580874609 20.603336167 -1.044430891 0.335701620 0.752793255 0.566177595 -0.007047634
22.929008740 27.502141943 -0.266949111 -0.039384245 -0.077733755 -0.968475529 0.233369865
30.388272280 29.159647743 -6.377197720 -0.482206926 0.292061103 -0.122333912 0.816829974
19.428580814 23.951438800 -6.654717010 -0.158890678 0.560707327 -0.784467606 -0.212065135
35.774073140 27.523822199 -4.936467223 0.112581362 0.209626074 -0.094857165 0.966635642
34.260176586 32.845889885 -4.245342708 -0.009835615 0.130860979 0.269674322 0.953967727
22.844776888 32.092820567 -6.290259201 -0.396705080 -0.200200526 -0.339585965 0.828991074
21.472002937 21.785232039 3.176012989 0.497178496 0.634657358 -0.547228423 -0.224865815
30.229118956 22.353780998 -3.535390931 0.832781323 0.389798624 0.283131627 -0.272706402
26.041243267 17.147651052 -0.359338654 -0.031950931 0.035138072 0.961237345 0.271601214
21.255333332 23.091178264 -0.601941187 0.594858698 -0.637497084 0.137329583 -0.469979982
26.882488693 28.397508855 -1.978143736 0.720626466 -0.566677075 -0.326369958 -0.230341572
31.351028178 27.971265760 -6.557798498 0.115656965 0.416029335 0.272599714 0.859786284
22.741612455 25.964620081 -10.351266524 0.543068041 -0.140179145 0.586835390 -0.583995835
30.223944526 30.481726710 3.754367047 -0.139734839 -0.886482509 -0.299790274 -0.323649081
32.428083181 32.621810259 -3.580094668 0.546890243 -0.757159263 -0.120860706 -0.336174959
26.449144791 29.963576512 -4.393500799 -0.522740968 -0.139054809 0.346079882 -0.766573125
34.229855750 18.713920535 -2.708013762 -0.418824902 0.484071427 0.012138451 -0.768188266
27.416851332 31.591742909 2.717021107 -0.160164700 0.704662770 -0.280022098 -0.631969362
29.521090335 25.642861983 -6.934297473 0.182945774 -0.215931000 -0.589411436 0.756636508
31.699165966 22.940978853 3.755265766 0.371355362 -0.567687759 -0.641286831 0.358576357
25.237534812 33.153368984 -0.723909469 -0.836996058 0.499164498 -0.074825515 -0.211361174
22.687760632 32.871826006 1.892062245 -0.695812525 -0.600135705 0.355732492 0.170694053
24.733688443 18.144869209 -2.125016872 -0.192142790 -0.945903412 0.260908141 -0.016577883
20.839638826 30.486000389 -2.028016470 -0.197054304 -0.015146245 -0.528307769 -0.825730642
29.405340700 27.852845796 -9.043256040 -0.320188516 -0.056290884 0.939879444 -0.104581459
23.833177083 28.406249095 3.387659232 0.765927750 0.089314501 0.354893633 0.528609602
35.524537107 23.831749879 0.466090063 0.481053685 -0.864471415 -0.115470121 0.089124498
26.252642446 22.223560930 -9.189028367 -0.325526871 -0.479532924 0.794739115 0.180194812
33.104080130 17.256587079 -0.849510628 -0.057796842 0.168905717 -0.767659555 0.615491016
20.083004527 30.446053495 -5.396161007 -0.088406830 -0.853376063 0.014594812 0.513537262
31.492861246 24.841896005 -6.082821727 -0.009974597 0.921232467 0.289961925 -0.259139597
35.584179644 21.811458417 -2.188680379 0.313896069 0.327103986 -0.875289610 0.168345888
36.029330400 21.365627328 -6.051092748 -0.922299429 0.279727697 -0.134389496 -0.230338106
21.537014650 22.218769665 -2.156638984 -0.374547752 0.689486607 0.379470976 -0.490228497
23.201000215 27.526587182 -10.239580473 0.351580491 -0.831636879 0.128614219 -0.410158070
34.063789038 26.090936230 -4.947007510 -0.176133435 0.237867523 0.800606566 -0.520984818
21.879432902 18.770944108 -1.169409028 0.560300656 -0.234767689 -0.380691386 -0.697152333
25.898567143 21.598521555 -2.953036154 -0.654615738 -0.180496914 0.021487274 -0.733782935
32.283278705 29.519178753 -6.293045409 0.748264403 0.169903035 -0.601984250 -0.221016526
20.961363073 21.894044537 -5.417185960 0.371421380 -0.196754002 -0.463839372 -0.779863487
29.707863875 21.031965229 -10.242647739 -0.262718931 -0.175373422 -0.942125457 -0.112350124
24.609391778 26.245205661 -4.380738694 0.199937678 -0.382084683 -0.388505829 0.814309180
33.020590397 20.969542568 0.228325103 0.207936831 0.026805508 0.341887121 -0.916055094
31.797248786 25.571883782 3.576866515 0.204714812 -0.910174476 -0.214349669 0.289358753
31.953009419 24.112013091 3.918227681 0.046606564 0.085672811 -0.799773325 -0.592326452
23.203545924 23.377085416 0.087203100 -0.734304886 0.182303641 -0.030960292 -0.653148664
27.115835330 32.755256798 1.762150106 -0.776942642 -0.232426474 -0.021550609 0.584699612
25.133632773 18.063190632 2.466216082 0.308449763 0.573504799 0.754510521 -0.081638607
25.991095618 18.611731514 -1.784740322 -0.867963543 -0.390067487 -0.271045142 -0.144986808
33.395412375 32.360856826 -2.713872614 -0.349471216 -0.397212127 0.482118044 -0.698322696
28.235654467 31.771502822 0.458681021 0.387671188 0.025329525 0.391861051 -0.833975049
28.501790258 20.732900619 -5.816155931 -0.004126731 -0.425875550 0.617687789 -0.661116315
29.570252060 22.438227357 -3.921060161 -0.081821248 0.875496258 -0.439964411 -0.182326362
31.395946481 26.139601618 5.277927747 -0.401418684 -0.819061711 -0.354424452 -0.205874382
27.106873867 23.903921581 -6.507982555 -0.020564191 -0.228586591 -0.575726090 -0.784770510
20.906464316 26.136356884 -2.597921819 0.242658978 0.438397636 0.199669865 -0.842054676
29.342574790 29.375680140 -5.263019270 -0.368279903 0.155311978 0.910430214 0.106606421
28.212246785 27.334382065 -7.210157565 -0.070699100 -0.580479724 0.002190496 0.811196727
24.533924232 21.008834818 -5.267386003 -0.195729729 -0.903749149 0.016000239 -0.380356860
33.330774817 24.003233942 -6.988932579 -0.168947587 0.954393247 -0.137885175 0.203906651
34.000969353 20.842121064 -1.240707679 0.551062972 0.536997610 0.083611960 0.633223664
32.358642530 32.355405345 -2.564878568 -0.623391580 0.187481009 -0.712487236 0.261907899
25.499195791 34.576236840 -0.085313339 -0.666862754 0.017568547 -0.710540880 0.223868426
34.491786405 30.059513518 -6.716642451 -0.660877828 0.158500539 0.229234810 -0.696828155
36.630387550 27.859744610 0.152423323 0.489897581 0.241472684 -0.790844973 0.276144043
21.259790117 21.934703988 1.624609087 -0.487341981 0.318422748 0.159033310 0.797378927
32.099091242 28.091609311 3.912895366 0.786240136 0.289912463 0.010749960 0.545583771
25.713444555 33.468232602 3.234036948 -0.284611372 0.926666542 -0.173508743 -0.173724503
20.554690891 30.250701941 0.784067873 -0.012217960 -0.200133892 0.775949008 -0.598080500
33.501976633 19.042601642 -1.789041342 -0.414277629 0.457055928 -0.741657659 -0.263472659
33.834228356 22.553304904 -6.028628337 -0.636661003 -0.210062734 -0.737708249 -0.079517006
26.922361655 25.495983758 -2.614329501 -0.806445137 -0.518116617 -0.264516585 -0.105982962
26.848876686 21.091121422 2.881464058 0.716407669 -0.461090059 -0.519115157 0.068377354
25.543146904 25.555575244 -7.443443813 0.847529297 0.359856808 -0.101891929 0.376583593
21.210433913 25.844665208 -3.786301886 -0.844451814 -0.392459625 0.177349255 -0.318471064
27.297953061 21.843480503 -3.194620290 0.446376907 -0.445246159 -0.248555808 -0.735339055
18.666507922 26.243614592 -1.135526291 0.551195580 0.449529177 0.494852720 0.499227141
23.872479977 33.414212487 0.496755312 0.639299262 -0.545263960 0.022428816 -0.541738512
32.784702077 25.269246202 -7.279200717 -0.289855688 0.567420515 0.445236542 -0.629112121
28.588551904 17.887702978 -5.229759320 0.412042829 -0.288604767 0.701139302 -0.505303547
28.218004998 19.963089941 0.501949485 0.622642691 0.127911550 -0.611163407 0.471629096
31.755883188 21.313652743 -2.178918664 -0.621595517 0.222346335 0.750396044 0.032968123
23.108635367 23.653957051 0.592646133 0.172458441 0.076771851 0.975077174 0.116570464
23.557705936 17.848468146 0.968779307 -0.428046540 0.653233649 0.618710843 0.085198899
23.739413081 25.828796695 1.615692357 -0.041089654 -0.674995044 0.079028704 -0.732425966
37.187929876 22.883048741 -1.236495042 -0.421396855 0.178075415 -0.174333308 0.871964297
18.967749506 22.129305298 -5.057315488 0.461664718 -0.255469881 -0.181534644 -0.829846974
23.491521325 29.528280799 -7.593260682 0.777497738 -0.089027087 -0.157591113 0.602276088
36.406415237 22.277344366 -2.549550496 -0.350552388 -0.569697406 0.601651911 0.436546523
29.096461616 32.884304248 -3.819842980 0.836687059 0.240872457 0.358820950 0.336426441
23.339304713 25.295843815 1.277228357 0.482255146 0.493067990 0.497119988 -0.526484235
30.112643791 31.526787147 -3.401308592 0.416042788 -0.154988170 0.010777463 0.895974839
33.790132667 19.454232759 -3.574046193 0.305666107 0.879669720 -0.299362866 0.207680737
22.605460901 25.767476842 0.045820106 -0.696962117 -0.293764195 -0.638061754 -0.144303858
23.629032843 29.408378255 5.672311674 0.383518753 0.279526051 0.035934646 -0.879481242
26.556465405 25.156613905 -0.729904673 0.131102478 0.743087851 -0.130645339 0.643089715
33.803223839 24.027744703 -0.233825845 0.348494172 0.632154812 0.182727075 -0.667490017
