16.572444012 -18.845778361 26.170622180 -0.033836195 0.885730087 -0.359162653 -0.292129276
7.391381912 -25.865487859 16.614212301 0.523199409 -0.308569934 0.083844633 0.789947500
11.242120985 -18.069759956 23.792286418 0.409178014 0.660475269 0.615182397 0.133777388
3.856194020 -27.434328008 23.713753364 0.345872570 -0.816794978 0.147273266 -0.437639936
16.814315738 -19.333672049 20.598303527 0.115168344 -0.004001248 0.918582920 -0.378055105
7.785946222 -26.788546004 19.069340365 0.436596508 -0.641772462 -0.530543796 0.340638925
5.465513610 -24.627787534 24.565626764 0.559846695 -0.752973760 -0.029700882 -0.344557763
11.990805450 -25.551330732 17.626974544 0.010721397 -0.867823843 -0.477740278 0.136128823
18.105196427 -18.947571339 21.566271947 0.589678681 -0.593861737 0.353503801 -0.417902324
12.145536361 -25.694962979 17.029090163 0.722326506 -0.517856293 0.448075818 0.096422711
12.669280867 -21.994146935 27.760773367 0.602947772 -0.623391752 0.483746883 0.117582573
18.220617439 -25.831988108 24.776139717 0.719483080 0.437955397 0.490848016 0.222727171
17.736362232 -30.479040271 23.942069058 -0.281332229 -0.471557967 -0.377826377 -0.745474674
13.586554867 -30.556980552 21.848705678 0.125326418 -0.582639695 -0.513766802 0.617144997
13.351915323 -25.183952991 29.161984071 -0.260827619 -0.748579929 -0.032080941 -0.608742849
2.355879509 -29.301269641 25.482741318 0.591275898 -0.779580517 0.196993923 0.061971165
11.586627277 -21.230479219 25.255009812 -0.079157444 -0.094803022 -0.769518803 -0.626567872
16.699831730 -32.723626247 27.693070514 0.151152481 0.608972080 -0.538975311 0.561971127
7.410249265 -20.710113416 21.011930290 -0.483686939 -0.407254346 0.593306355 -0.498175082
7.605396459 -34.327125992 24.759832162 -0.827898694 0.143821271 -0.498645930 -0.212723837
13.704824813 -34.854750063 26.427668378 -0.976358129 0.142573993 0.153068715 0.054474115
9.634620707 -28.356147868 23.040366616 -0.161734305 0.720338801 0.426173769 -0.522809665
4.414628784 -31.567193773 24.837407636 -0.221717616 -0.327155306 -0.911478762 0.114092816
15.721697471 -21.037937118 17.064419179 -0.052741540 -0.828909212 0.555673166 -0.036812785
13.419689024 -23.054191369 17.447328731 -0.377832972 0.804018983 -0.393866737 0.235933707
17.810413502 -28.899002394 29.166019795 0.792391442 -0.154338046 0.574417971 -0.135423649
6.272700210 -23.426638953 17.088762410 0.240353037 0.630139109 -0.190718120 -0.713289366
10.960643022 -28.275174646 25.420105154 -0.008285357 -0.009493436 -0.999766249 0.017569150
9.770183253 -24.016702459 31.311754988 -0.479720512 0.590114536 0.624483063 0.177915623
7.514088395 -18.242818447 21.479699916 0.364340990 0.693847989 0.333905992 0.523772278
13.840175237 -25.212388858 24.037168774 -0.775754857 0.400425492 -0.487518877 -0.013753944
12.533479631 -29.190531402 26.524541822 -0.346954143 -0.316949132 -0.861739901 -0.191233925
11.884858011 -18.209636732 23.410322350 -0.778599512 0.397413037 0.483497162 -0.045565044
19.265090932 -22.736611686 22.274252170 -0.932724515 -0.224049243 0.246030488 -0.138909735
7.203051509 -21.150119944 19.597006489 -0.348080654 0.718970665 0.573219143 0.182594784
16.902228134 -19.177091041 25.965758853 -0.514697571 0.730290317 -0.449072432 -0.009819076
7.961451883 -29.342581591 22.906801984 0.837615820 0.457657813 -0.063184832 0.291473398
8.557267156 -29.244981455 17.648512175 0.594002593 0.502371629 0.160701063 0.607419817
8.472999780 -22.417678526 21.393208109 -0.508460419 -0.831949597 -0.176348380 -0.135015259
14.677090318 -24.116494574 24.747880059 -0.546506174 -0.530067136 0.584331904 0.280920023
6.654110000 -31.646947782 22.107168002 -0.284503252 -0.118051433 0.429374673 0.848975352
8.325674579 -25.747555180 18.701207926 -0.031348891 0.992971660 -0.069971690 -0.090158151
14.786710389 -25.288271654 18.395440161 -0.365812409 0.103153595 0.596805497 -0.706656788
16.032227793 -19.220898391 23.647645378 0.388794635 -0.554465609 -0.464636417 0.570543267
18.286426263 -28.163466026 24.306129257 0.917673916 0.267199779 0.247926265 0.158150021
14.990090625 -34.516482761 22.966416428 0.245202612 0.363147848 -0.796206554 -0.417198325
3.365719922 -23.940195895 24.605924072 -0.072597381 0.014599057 0.484964695 -0.871392984
12.012858698 -24.337587903 27.373562172 0.239989777 0.735508025 0.621648419 -0.122417708
8.517445898 -31.124405410 23.620690543 -0.366473341 0.487945576 0.781130030 0.132069231
17.640040854 -31.568593870 21.021938223 0.218783294 -0.074744352 0.303828501 0.924248556
12.802649210 -20.766309604 29.534444617 0.289478858 -0.054911940 0.474622900 0.829409291
8.328727213 -23.671525839 17.376471362 -0.005082102 -0.028785197 -0.912765271 0.407437288
9.979511407 -29.693810977 25.007326516 -0.747340256 -0.608489701 0.243981477 0.108147420
2.648474410 -25.103435293 27.741049830 0.551956647 -0.046135775 0.818632698 0.151841550
18.636018719 -23.253819854 21.095964979 -0.427316670 0.851508194 0.054470205 -0.298943566
11.974201720 -21.772134765 30.711685593 0.810942621 -0.507961720 -0.111301438 -0.268251649
16.250894498 -25.165862163 27.559007950 -0.437853817 -0.627441902 0.267610209 -0.585649614
7.795123148 -27.571118870 26.327895292 0.165677925 -0.568482999 0.584197459 -0.555059667
12.578544861 -33.111156306 17.079368317 0.250646206 0.870059879 0.326953785 0.270690800
5.792826922 -28.905659973 30.545752106 -0.440008936 0.637320428 -0.404808558 -0.486153104
20.619223078 -24.857684617 19.712961977 -0.286617005 -0.543075911 0.638871834 0.463424242
16.387429705 -20.951484900 27.250643044 -0.713275512 0.697507311 0.062980990 -0.027477084
5.616818906 -29.416734443 29.394697855 -0.308319822 -0.129965817 0.936495316 0.104996654
13.791426305 -34.873937615 26.352752747 0.832552181 -0.335274525 -0.246333551 -0.365742589
13.517344397 -27.278386056 22.714553013 0.859074885 0.030576556 0.235978948 -0.453176955
7.480075420 -18.923938307 23.019432244 0.617451261 -0.183463048 -0.753325370 -0.132650433
6.799197488 -27.737648123 18.822296914 0.839860334 0.507223652 -0.100262194 -0.165246115
10.409414665 -26.674844179 28.088515899 -0.401551826 0.658167120 0.490031281 0.406745026
12.586571940 -27.381315815 21.673021953 -0.007333914 0.488060772 -0.644840766 0.588152432
12.121928255 -34.940198676 22.609120369 -0.737173815 0.085567517 -0.655382672 0.140451130
8.000090265 -28.416353767 14.894314805 -0.915659155 0.353303638 -0.060535786 -0.181879822
12.255654386 -31.592056591 27.768284527 0.951439979 0.071542718 -0.117813481 0.275251865
9.380107444 -33.696483686 20.052355374 0.440189294 0.803815069 0.214446236 -0.337827666
8.638712656 -22.376540823 23.249169408 0.120847235 0.401503085 0.867994929 0.266037633
10.668609037 -23.134077689 21.588856565 -0.916507173 0.276496413 0.113905109 0.265687713
4.699941727 -20.865739280 20.590819442 0.344566080 0.882517725 -0.092772678 0.306316685
14.985107611 -24.447380180 15.642504545 0.246821701 0.008546788 -0.446665765 0.859939355
8.668330068 -17.261474047 23.695775321 0.394089087 -0.910964001 0.084620078 -0.087623190
7.971383249 -25.305452128 31.476127783 -0.576197785 0.626169997 0.349302060 -0.392294937
13.487904997 -28.778296098 22.953111421 0.055620562 -0.751388426 0.345168776 -0.559625145
7.341513242 -29.719769893 25.027037841 -0.324192258 -0.754276522 -0.457157780 -0.342013263
6.938126060 -24.277760014 18.230390735 -0.934488707 -0.291981893 -0.075927799 -0.188977248
14.060800658 -17.848410416 23.162358866 0.650193163 -0.146362447 -0.531081948 0.523238807
14.816184404 -30.733455903 21.887227393 0.602593287 -0.695072936 0.358272342 0.159360826
17.221709085 -32.357496191 23.324333227 -0.456288971 0.518842949 0.679093698 0.247859068
6.133217112 -25.112246638 22.848059707 -0.749260426 -0.657916430 -0.068617078 0.032349361
8.326010269 -25.333885665 31.048689966 0.051991739 -0.221802105 -0.958507820 -0.171357650
15.551052976 -27.331084540 26.426838965 -0.199987260 -0.551822680 -0.741087843 0.326014777
12.938108065 -23.055516686 23.687583887 -0.802884242 -0.307276148 -0.050653126 -0.508323247
4.773517110 -30.219883102 26.516535976 0.530276617 -0.799253633 -0.061622024 0.276049028
10.096655980 -34.868025668 20.505379321 0.743192895 -0.624377356 0.147229162 0.190107370
19.465226280 -23.865975635 24.238799937 0.610170766 -0.591127576 -0.116805343 0.514408725
19.224572847 -29.104021949 21.088390460 0.042722047 -0.556357585 -0.816589403 0.147725462
4.496148958 -20.752353469 27.483210798 0.106958551 -0.189659695 -0.278490622 0.935431474
7.047205956 -32.087718624 21.253865861 -0.132721456 -0.361092014 0.881191597 -0.274770707
13.247555165 -33.148038671 28.284322177 -0.770257303 -0.570818132 0.281188054 -0.042469115
9.761455364 -26.437778310 32.758311384 0.274144620 0.432249823 -0.146352567 0.846513877
13.193196637 -35.235353943 23.850049859 -0.429435058 -0.689968286 0.310838011 0.492858018
7.474402598 -23.545205145 24.495919841 -0.658479371 0.478324943 -0.144959270 0.562669510
14.429752642 -32.922662999 19.425682710 0.637784817 0.736480996 -0.077569894 0.211681793
8.329939158 -29.694880756 15.460285397 -0.160553324 -0.928495800 0.316456060 0.109424594
5.542526391 -31.223382991 20.617124301 -0.849541046 0.466014382 -0.137245622 -0.205607020
6.870881532 -27.446927155 21.948853614 -0.785632336 -0.120419573 -0.366172015 0.483941128
13.279489661 -18.828986890 22.297766010 -0.172516585 -0.159328478 0.382275820 -0.893710055
11.600671948 -24.253000979 26.135871595 -0.170413766 -0.881079211 -0.430015580 -0.098717645
15.711912433 -32.206859185 21.135240339 -0.723702767 -0.373900555 -0.527611534 -0.240995330
16.799655553 -30.286585648 24.001579698 -0.204527902 0.760223907 -0.288830231 -0.544798170
18.292056270 -28.200027916 22.990302667 0.512154203 0.092056118 0.659389427 0.542613423
5.190112465 -24.640196980 26.549462038 -0.713846517 0.441285854 -0.242822693 -0.486546076
17.640396511 -29.992423001 25.686636841 0.272915275 0.488266278 -0.759940843 0.331063756
13.900582558 -30.983132324 29.582641161 0.313069783 -0.782842265 -0.534553300 -0.058292953
11.236170447 -33.007812289 26.270998871 -0.890615947 0.008832262 0.299519330 -0.342072211
4.924962418 -30.291593696 26.140928293 -0.739317497 0.192262484 -0.473499885 0.438454826
13.665317747 -33.521115840 21.254653758 -0.911936612 0.081303035 -0.388259537 -0.104956961
14.609784192 -20.435058452 28.763601157 -0.464098221 0.104471121 0.776422619 -0.413360064
12.951660560 -30.370849761 29.732281971 0.390872549 0.144183684 0.894302971 -0.163254130
15.423502542 -32.441485281 27.960198824 0.187406693 -0.236948955 -0.391669452 -0.869096637
17.980359887 -25.832960109 17.117922005 -0.350734056 -0.641630944 0.025233810 -0.681658719
7.747109874 -23.023801598 24.401401721 0.470404330 -0.548277186 -0.212572060 0.657970374
13.681604464 -31.435587728 18.650950350 0.527044216 0.429056598 -0.265724321 0.683758302
16.184102157 -24.403407594 23.038837446 -0.545962866 0.286383061 0.193625507 0.763163452
13.111063376 -25.059461629 23.725547439 0.432383759 0.500002334 0.062356134 -0.747765781
13.050001174 -26.363069816 31.476770320 0.360563704 -0.765557603 -0.088590866 0.525420813
6.683810925 -19.561638359 22.747439737 -0.831965328 0.398098492 0.102816069 0.372532065
18.365438707 -27.820637829 28.669919553 -0.304597983 0.268886491 -0.646765614 -0.645456710
13.509673202 -27.800908216 17.481249210 -0.171211279 0.087519002 0.856192637 0.479542793
18.754086851 -25.405251099 25.993936468 0.207346992 -0.448202253 0.290993897 -0.819417181
14.403270810 -25.545811306 22.384506165 0.372130311 0.346638374 0.281930907 -0.813557516
2.480384845 -24.474568061 25.678273576 -0.616010932 -0.562751051 -0.470575150 -0.287055421
17.842403465 -33.307855284 22.413228105 -0.204469203 0.670182527 0.105584181 0.705620086
8.598881179 -17.070450779 20.623875383 0.500889574 -0.415692660 0.525629436 -0.547743501
12.988040974 -29.385268778 22.007971061 -0.087211845 -0.507243870 -0.512540215 -0.687313814
12.135241806 -20.708375015 19.304550189 -0.752814291 -0.293123310 0.489593921 -0.328096268
5.851391210 -27.172967013 26.380257502 -0.230844157 0.162119996 0.494439390 -0.822166511
11.052921559 -22.180630194 22.053205278 0.144160357 -0.896897900 -0.264129728 -0.324079365
5.649174625 -28.412184305 24.692719263 -0.075707538 -0.265160475 -0.092931713 -0.956724615
12.075523066 -22.900613065 24.925882002 0.248594745 0.426067244 -0.851617040 0.177244953
13.558045783 -22.009086738 18.774925108 -0.055257748 -0.844315080 0.488821691 -0.212442888
7.412166292 -34.423449657 21.093013269 -0.443004534 0.224324108 -0.822716199 0.276701524
12.111557587 -35.831412751 22.717543517 0.103170200 -0.682988460 -0.640107789 -0.336369873
15.282085478 -23.178409971 25.028051539 0.224895805 -0.876040765 -0.295509637 0.307649980
8.496925524 -21.702727831 25.640728615 -0.228943000 -0.944178147 0.174050048 0.160683886
14.176739317 -34.501674951 22.451713044 0.873149495 0.358192805 -0.148025759 0.295628566
7.350802784 -26.449261848 30.493552289 0.445323203 0.603348119 -0.175575185 0.637833557
17.229314860 -31.987740553 18.771362986 -0.177688872 0.606408086 -0.592457371 -0.499690066
13.517255267 -33.871923871 25.292899466 -0.818081616 0.541269261 -0.100559389 0.166306539
14.417524407 -31.268384504 24.756890853 0.069550069 0.750159688 -0.185928282 -0.630756612
8.538432167 -32.624710409 30.398856748 0.273802645 -0.690097283 -0.581587215 -0.332496860
14.665546102 -28.734099808 23.794607394 -0.543204191 -0.690625609 -0.416855643 -0.232802162
15.262528625 -29.626066827 32.054821229 0.085840741 -0.946610467 0.186125083 0.248832163
13.362239235 -26.878965846 20.853671062 0.565943508 0.800633390 0.152876052 -0.123786240
9.985767219 -32.311252808 24.885048807 -0.120068691 0.216350159 0.334246777 -0.909425758
3.151613623 -21.940351225 20.701579023 0.297205969 -0.822830214 -0.269511587 0.402470565
9.953387551 -22.588806816 25.604749770 0.363851593 0.145364699 0.223519611 0.892479751
8.190518113 -30.160886436 23.511369793 -0.696154256 0.429803560 -0.469432648 0.332070987
14.987314142 -24.310585389 23.051988142 0.381471469 0.721446234 -0.049467334 -0.575801904
10.928372364 -18.687581539 28.707850592 0.846532593 0.107776903 0.388516972 0.347593543
13.348131435 -34.089536962 23.033522990 0.452433354 -0.634184053 -0.030555240 -0.626243582
11.968316231 -27.081728616 29.584604172 -0.575130313 -0.268639974 0.711593751 -0.301151162
11.031984745 -33.255437945 27.248384666 0.279185459 0.468986426 0.317525196 -0.775425665
16.231319943 -28.012031187 29.098616893 0.203024984 0.505156291 -0.794867531 0.267924590
15.311209630 -31.587794289 17.326948000 0.728326095 0.021378944 0.308208398 -0.611630300
10.322593631 -17.733814029 26.570302612 0.780364133 0.323498126 -0.410765858 0.343004653
8.110455371 -22.899898947 20.110256626 -0.311572876 0.263151975 0.416353027 0.812602940
14.487005914 -28.738924712 29.840959621 -0.697675918 0.302843122 0.587483327 -0.276401332
15.813290327 -34.025803264 21.371657048 -0.282395404 0.799887382 -0.207067634 -0.487397176
14.918567028 -21.454661383 27.800145932 0.411923288 -0.197310544 0.873322690 0.169396674
7.604874355 -33.498529465 25.950324662 -0.220913647 0.801445157 0.225921019 -0.507781954
20.043974654 -24.978663076 19.214852719 0.559187069 -0.744267003 0.343538927 -0.123925203
10.304400388 -34.427735759 26.159003956 0.137294850 0.784827572 -0.538125432 0.274985139
15.820290071 -23.044030493 22.296024421 -0.140885627 -0.004555184 0.612228185 0.778014871
8.592641513 -25.038542525 16.611687950 0.445229924 -0.458028956 -0.257586575 0.725002721
9.756683714 -28.033704816 20.415591110 -0.149256414 0.156684838 0.384092615 -0.897577432
8.206081603 -29.608974641 31.381850404 -0.301063177 -0.741324076 -0.129295215 -0.585732298
12.409604229 -27.853659869 25.969288984 -0.491602102 0.255921155 0.779365295 0.292269521
6.575985083 -32.329886652 24.067854744 -0.250927195 0.059652139 0.026317111 0.965807732
7.573195482 -28.373585708 17.775269885 -0.531666063 -0.579863069 0.544469032 -0.290935547
9.917059880 -23.889342502 30.649850548 -0.753103191 0.244630681 -0.487945660 -0.367287961
9.679603630 -25.625222334 24.715532136 0.865450356 -0.500666150 0.016011807 0.008527004
16.250285226 -22.890600725 22.928290805 -0.281237881 0.082232852 -0.635566466 -0.714281653
4.543931223 -22.041737180 23.944176825 -0.862916073 -0.338763744 0.088498749 0.364393948
6.415398766 -23.036368866 27.916197443 0.311046831 -0.131308191 0.394820825 -0.854473255
12.959446054 -24.932038629 32.201137604 0.757187536 -0.319480951 0.560510298 0.102113481
15.721151265 -26.033304635 28.324970890 -0.460996572 -0.041028419 0.022398820 0.886169917
12.026437423 -27.210878022 25.362464839 0.489396240 0.431722555 0.607288169 -0.453109298
8.008091600 -26.680530405 27.012893850 -0.704631271 -0.196144033 0.484338213 0.480040400
3.672307032 -29.558798609 19.837272408 0.185679902 0.837745769 0.198648607 0.473543801
10.112036840 -31.116083065 16.003506285 0.754922924 0.632402161 -0.108198241 -0.135838234
12.688571403 -23.843285190 29.200632105 0.231997417 -0.221330408 -0.279249221 0.905102161
9.279611332 -16.981714248 27.092237234 0.511646879 -0.711360274 0.307322976 0.371128846
11.903983179 -31.363853870 16.110205501 -0.317647359 0.575256793 -0.753719773 -0.009288792
14.575902313 -27.231846506 19.632204107 0.717725777 0.014204812 0.602159461 0.349387916
16.754040431 -33.060770624 27.771119769 0.098107238 -0.612841562 -0.585737895 0.521259348
8.710567539 -34.723755738 25.145586762 0.183592558 -0.325082117 -0.088096196 0.923501191
8.918072152 -23.663532349 22.745635028 0.275523613 -0.534220949 0.753252918 0.267029506
9.191246024 -35.346003067 21.679751622 -0.340223631 0.143703435 -0.188669737 0.909945567
11.907091451 -20.931355888 23.034704846 0.649268989 -0.102554480 0.520020467 0.545445756
13.802934835 -33.233966024 25.655678129 0.580512718 0.561863748 0.314783172 0.498222508
7.946275344 -20.574539486 17.187298329 -0.280962375 -0.321371626 -0.903428930 -0.039957357
9.065423985 -26.177827825 25.583073917 0.657170887 0.364075151 -0.659980039 -0.001434493
