-16.972993340 -33.994543759 6.880688700 0.017206337 -0.203092582 0.616857621 0.760226296
-3.408286240 -25.409516066 7.504644006 -0.344568631 -0.409033551 0.226993168 0.813903013
-3.298697949 -27.030028229 13.437363344 -0.217705713 0.450511223 -0.172950164 -0.848370262
-8.099816073 -27.719576452 6.886938928 -0.065394287 -0.264246813 0.633867245 0.723954090
-12.255749607 -30.962398533 18.417555119 -0.552199770 -0.478620962 0.309681828 0.608353971
-5.967767394 -28.229551254 10.367832092 0.083372574 -0.480310036 0.449818055 0.748341500
-9.466411998 -37.777432530 4.896664638 0.932701005 0.159298210 -0.230488472 -0.227085843
-2.922560477 -30.000831104 11.681825603 -0.871006358 -0.445665108 -0.028281926 0.204769791
-14.472700167 -33.801879682 12.565285290 -0.088595521 0.145999948 -0.200393771 0.964716116
-11.634211078 -36.974692820 10.488666648 0.086276041 0.872849848 -0.006479130 -0.480257856
-15.278314755 -38.499120207 10.957473490 -0.857312422 0.404535175 0.093864762 0.304230357
-9.019680056 -29.370230951 10.318876467 0.269453234 -0.551792596 -0.682070089 0.397114945
-13.112587187 -33.096694892 16.121043222 -0.115475594 -0.082967535 -0.971285180 -0.190753437
-4.145934688 -23.020697876 12.002749304 0.568734324 -0.275903956 0.343932975 0.694354653
-5.525429491 -27.764065306 2.672056113 0.141041684 0.584523972 0.798101691 -0.038375259
-6.118587777 -37.577885862 8.702110856 0.714581560 0.031850204 0.058399318 -0.696382278
-15.658497877 -33.118685271 13.537051810 0.877515953 -0.168128389 0.165721473 -0.417414650
-6.858769878 -29.648123745 13.090936372 0.667893766 -0.675786520 -0.308368666 -0.046252166
-12.519925539 -26.668786900 9.096115610 -0.319263162 0.179818077 -0.275796882 -0.888635230
-3.206848977 -32.785415708 18.743062304 0.365687642 0.167178818 -0.902539083 -0.154100599
-6.495060743 -30.191316040 12.584695798 0.068318545 0.768647443 0.632355715 -0.068117058
-8.749554213 -38.295171110 16.388701056 0.066995076 0.358170801 0.846113607 0.388994989
-16.355559186 -32.712463031 17.325052046 0.825243770 -0.263797130 0.252470675 0.430862335
-12.123934989 -22.723962992 7.824212022 -0.016185346 0.282773293 0.955737632 -0.079642187
-5.539128789 -28.207147851 3.666602173 -0.417819563 -0.655886279 -0.584793079 0.230774904
-4.184262606 -37.311152056 5.322526837 -0.031676768 -0.138411196 0.924080461 0.354843944
-0.191141025 -29.759840194 8.414968024 0.123522715 0.184867700 0.346127332 0.911461432
-2.322548593 -24.893056528 12.345078198 -0.979403038 0.129140396 0.131213821 0.082917911
-1.384701452 -32.394040065 17.763645765 0.563545869 -0.639863598 -0.520679326 0.043401254
-7.038773507 -36.677251986 18.768765783 -0.493968138 0.260779212 0.676152907 0.480423695
-2.407807199 -29.212075615 8.759161373 -0.620303633 0.118211313 -0.255647821 0.732047594
-6.423279012 -23.405912294 7.009953959 -0.118173895 -0.680338056 0.031478098 0.722623131
-14.904939643 -34.577533264 8.759313951 -0.184099096 0.002291583 -0.483197602 -0.855933612
-14.122217336 -26.007821426 9.626851359 0.080796987 0.390194056 0.809326418 0.431521952
-9.738557036 -35.844056805 14.850282850 -0.535170659 -0.230730976 0.770063525 0.259533717
-6.432303035 -27.292211859 17.819189828 -0.695542590 -0.177632598 0.226505255 0.658302769
-5.139515401 -29.452465647 4.222479221 -0.270811242 -0.323099936 -0.219985874 0.879701039
-14.307444242 -37.515195901 12.863229500 0.111024234 -0.077396553 0.066162593 0.988587833
-13.199983702 -26.720730883 8.009506118 -0.917464394 -0.187205796 -0.265031380 0.230155259
-0.397007051 -34.525215936 7.427883935 -0.018782808 0.798349034 -0.257387463 -0.544093484
-4.821868778 -37.924607164 16.492862754 -0.482970968 0.632865803 0.587957937 -0.143266825
-8.504033920 -32.140650678 3.713415759 -0.480781245 -0.349369119 -0.738111532 -0.319346177
-3.526001561 -26.801653532 14.923080502 -0.911573259 0.407518035 -0.007845116 0.053867414
-5.020604435 -27.751602533 7.036159378 -0.776096425 0.128785266 -0.326712536 0.523782027
-9.463316647 -31.045238028 12.424300881 0.509467191 -0.064807543 0.205476087 -0.833080273
-12.678787715 -39.334270542 9.541942819 -0.048842107 -0.201526832 -0.965186669 -0.159424210
-5.510651669 -35.117589568 12.821801644 0.197896350 0.191138962 0.643666118 0.714140644
-7.695318788 -29.078246973 5.223794661 -0.025647308 0.444039452 0.040230726 0.894736089
-13.637842748 -25.461920242 11.328120379 -0.325758784 -0.347609689 0.437778244 -0.762495198
-8.783423515 -35.862091312 18.729037110 0.173000142 -0.829695572 0.244501521 0.471057550
-5.879509775 -24.065880395 5.858395395 -0.010451894 -0.035681399 -0.816264274 0.576480903
-9.315880193 -33.112852727 4.769266619 0.722310272 -0.436382508 0.330139925 0.422901652
-7.773670118 -32.983852785 9.627878796 0.960718447 -0.214032729 0.163916125 -0.065890512
-16.913331136 -32.371772539 13.268200323 0.470196786 -0.525293129 -0.708173240 0.038376743
-7.141844860 -40.403608550 14.893312148 0.598535962 0.785050510 -0.144103126 0.068444770
-14.342104563 -35.515092597 10.706511804 0.366130885 -0.849912767 0.107556307 0.363356717
-3.561338230 -33.700659163 6.210088417 0.395047254 -0.002620202 -0.376070364 0.838153854
-6.577292560 -36.468002907 6.471498772 0.245184265 -0.767236270 -0.169462811 -0.567904515
-14.384678740 -34.491144051 9.806852834 -0.828267083 0.558703260 -0.020823279 -0.037292049
-4.788120276 -34.503825902 5.489909711 -0.056449742 0.139960133 -0.148580080 -0.977317015
-8.594007001 -23.082911793 8.849675468 0.704977510 -0.426449849 0.348225896 0.447086079
-10.343437548 -33.984763147 5.159053543 0.322636393 0.025631467 0.116595805 -0.938964432
-13.038901300 -24.523995226 9.207193454 0.010493986 -0.057937339 0.926601133 0.371407434
-4.502158860 -32.512126335 17.020457781 -0.357082235 0.547435888 0.088515933 -0.751645632
-11.631686266 -31.272577837 4.423114737 -0.451733899 -0.250960829 -0.581154974 -0.628660515
-8.839698698 -31.475877511 10.880503317 0.447297188 0.001044861 0.450634254 0.772562556
-3.112871996 -37.387079418 11.528732910 0.513732460 0.206477253 0.832706304 -0.006805508
-11.334688023 -27.756695710 13.252433845 -0.655969458 0.341089931 0.567981312 0.361606083
-7.881867779 -29.983699210 12.362272866 0.531929813 -0.689041298 0.225840762 0.437342789
-13.522807625 -29.352875428 2.955241164 -0.146014369 0.253023222 -0.831633347 0.472276433
-4.543089689 -24.541164176 12.812045393 -0.030088411 0.019094669 -0.987457619 0.153810050
-12.175247363 -33.624790163 8.537590538 -0.131019523 -0.152574221 0.979221110 -0.026096142
-12.934363789 -27.863629442 5.800340189 0.425915844 -0.515943558 0.699982531 0.249844742
-6.828269303 -32.676342628 9.815935708 -0.008373673 0.729631826 -0.550527764 -0.405569305
-6.483729244 -33.733587118 3.130689391 0.438539482 0.428026341 0.663731335 0.428879108
-8.622850991 -30.621943934 17.627603124 -0.974925272 -0.190434961 -0.114368879 0.013228749
-15.585401257 -33.126401784 17.696515900 0.745160605 0.077051875 0.504135373 0.429704790
-8.509427392 -31.729894364 18.032115633 -0.135781222 0.054968643 -0.623330643 0.768115107
-10.688730170 -22.006039360 11.317245839 0.164585446 -0.518291572 0.022408132 -0.838917965
-13.740810083 -33.529870415 9.841096876 0.392994428 -0.662142558 0.315507811 0.554596640
-10.747858172 -34.146795023 9.725620825 0.267055690 0.780719450 0.246366962 -0.508391305
-8.900817702 -33.218816497 18.261165241 0.114868399 -0.764994617 -0.127992297 0.620650029
-15.512221409 -26.594222592 8.388210462 -0.694105590 0.687295579 -0.087127481 0.195578677
-4.299730384 -31.562427888 2.403109336 0.261302588 -0.593978978 0.449239466 -0.614079663
-8.993042814 -40.678048096 10.842330984 0.012737088 0.291382818 0.511658930 -0.808170131
-1.798243796 -26.280617617 12.960364377 -0.456918239 0.377110346 -0.074808117 -0.802132942
-3.149398529 -26.610925003 12.740600727 0.353703758 -0.018307502 0.905322811 -0.234412234
-17.744283507 -30.152444033 14.583509007 -0.349600455 0.905682597 0.203056368 0.127619224
-7.752223450 -28.321685977 19.796566189 0.467891278 0.217942013 -0.856394553 -0.012938344
-2.452198308 -28.277984493 17.811698946 0.603223281 -0.318571612 0.333327706 -0.650789092
-16.605302755 -25.595940950 11.759331076 -0.737690796 -0.352230224 -0.308150211 0.486610323
-6.176302432 -31.133805374 14.531705772 -0.028471688 -0.811386316 -0.582450522 -0.039912386
-14.889917841 -29.402852219 16.947783368 -0.339494263 -0.690560486 0.129147671 0.625452428
-5.758026821 -29.496026612 19.002231429 -0.515211675 0.790209587 -0.018670505 0.331326349
-5.026351500 -34.173407781 18.996794137 -0.185593204 -0.066252158 -0.913705936 0.355397351
-4.559291254 -26.020149345 10.480495488 0.110133558 0.366245064 -0.911855046 0.149182863
-7.849387387 -39.332679689 7.151659166 -0.322037741 -0.533748887 0.265513343 -0.735463448
-17.569033547 -30.933316728 14.115827045 -0.875800821 0.435852908 -0.046963024 0.201989206
-10.797372558 -28.799207635 7.199405146 -0.254401685 0.965117520 -0.061688590 0.004740525
-17.091401843 -31.544815364 6.705770513 -0.172224097 0.206027577 0.029432139 0.962821503
-3.812842499 -36.596964099 15.755929719 0.115455052 0.914782524 -0.370550370 0.111961994
-7.448836392 -33.556360166 11.989061411 -0.251460477 -0.770195931 -0.496777521 0.311091548
-10.272678633 -34.660822935 6.302528119 0.780575913 -0.256131170 -0.260661113 0.507103395
-16.270380221 -29.165689166 5.844051089 -0.369738816 -0.803291021 0.289763482 -0.366133676
-7.059606127 -30.904805432 16.995830468 0.652207997 0.238882259 -0.656692507 0.293794055
-8.362123821 -26.470700484 4.721053183 0.836503683 0.279302243 -0.416330442 -0.221180489
-8.610898132 -38.443092711 17.984833439 -0.159177399 0.455834383 -0.846044577 0.226022443
-0.407957921 -32.675964882 5.914731752 0.168452634 -0.664368450 -0.727828199 -0.022458532
-14.907402096 -32.322032667 17.805658633 0.671790919 -0.361327772 0.640804717 -0.086651697
-12.060097980 -23.339430119 8.696582122 -0.228910498 0.091821966 0.817898448 -0.519818082
-15.223157924 -31.178589830 16.281465565 0.233158577 0.004867544 0.802059796 -0.549830400
-8.001760255 -30.647490936 17.730068878 -0.906504509 -0.365026345 -0.156628931 -0.143082916
-5.704207643 -34.378897385 9.453460606 0.523945572 -0.236403764 -0.812340584 0.098473721
-0.343539499 -26.204015301 12.961713709 0.213014457 -0.753598753 0.585525162 -0.209461321
-12.041355462 -22.691415665 14.856232656 -0.409568246 0.561756096 -0.440627067 -0.567918768
-6.442971970 -24.176793382 8.630689727 -0.396501196 0.679697859 -0.393648910 -0.475224323
-10.496976221 -40.835708471 12.672613648 0.770184470 0.001479433 0.375568310 0.515521230
-8.642317286 -32.913712818 5.074797707 0.571738852 0.275497004 0.073956045 0.769250668
-5.887477575 -36.254019968 17.783690098 0.225274424 -0.307844831 0.886289351 -0.262629358
-12.902493718 -33.172920828 6.081331415 -0.076040123 -0.422383599 0.051889900 -0.901730244
-13.144708266 -36.619947091 12.367614204 0.509397202 0.122192281 -0.766785456 -0.370976551
-17.460975258 -28.504463109 14.128028225 -0.294500937 -0.814058053 0.391464367 0.311984510
-5.057192801 -37.212388953 4.764279977 -0.801520117 -0.002112952 -0.217813226 0.556882784
-0.514382173 -35.311273438 7.310145912 -0.805855073 0.408567710 0.092579562 0.418448386
-9.226408685 -27.164784407 15.789581368 0.094728719 -0.947992068 -0.187779076 0.238906942
-2.468382592 -28.525006410 8.135038567 0.211096245 0.149969409 -0.458647948 0.850052711
-4.654892505 -26.912679573 4.853685613 -0.728039488 0.096619835 -0.603398329 -0.310698516
-15.418888812 -30.906834717 16.932407195 0.131861871 0.577724738 0.780773045 0.198090955
-10.387364847 -29.024541717 17.584565891 0.142766896 0.070074879 -0.923152564 -0.349994955
-4.639454144 -32.891547511 19.647211606 0.475967519 -0.281147670 0.403391214 0.729168319
-13.270302953 -38.413725012 9.315660487 -0.312202374 0.086544332 0.263595926 -0.908601642
-4.830825984 -35.422375196 18.766444107 -0.249731569 -0.000252742 0.515884746 0.819449211
-9.325459576 -23.640576695 14.216333932 -0.032275444 -0.601973134 0.750989950 0.269445239
-7.412432445 -30.330322167 8.960719044 -0.173256343 0.781718082 -0.273152563 -0.533185481
-7.499429687 -24.113696197 10.804587666 -0.733747164 0.081882843 -0.118638515 0.663954217
-13.596142521 -26.120375568 11.718474612 0.095552558 0.001357681 -0.348003927 0.932609850
-8.055532388 -29.823205074 11.793879104 -0.428031825 -0.368565131 -0.528950609 -0.633371734
-1.924067609 -25.128190818 9.616322999 -0.260047854 0.511769429 -0.813513050 0.093078904
-2.241768296 -28.549975593 17.812618858 0.237243633 0.188527633 -0.801504415 0.515522515
-10.047155213 -35.011582883 2.795554392 0.788760028 -0.546704657 -0.025551709 0.279854865
-6.021862353 -26.182764224 14.329421004 0.417899275 -0.870757920 0.181068432 0.185351188
-11.633056285 -28.785276385 6.627146891 0.090591337 -0.013079727 0.419673945 0.903048122
-5.008650453 -26.603872174 7.681884203 0.111842741 -0.696726588 0.694101407 0.142430687
-13.633158707 -28.250281343 9.063351346 0.058717487 0.056578052 0.875254520 -0.476739663
-3.671968853 -30.185230313 9.422772227 -0.383997387 -0.897864145 0.215077181 -0.011304380
-7.127209084 -29.498107064 10.020587576 0.281983510 -0.715367500 -0.605287054 -0.205820851
-6.276206448 -34.401780664 2.278330888 0.025399800 -0.778357204 -0.213690322 0.589789250
-10.268270307 -32.710318857 17.672989527 -0.912577048 0.085019348 -0.373242978 -0.143751594
-12.752637767 -32.201963310 16.117963783 -0.737328949 -0.580372303 -0.245363852 -0.243537658
-9.396663398 -31.080215048 4.061446005 0.909003585 -0.211635069 0.197019375 -0.300177356
-7.337657303 -26.863970031 2.822088856 0.770800527 0.035643112 0.493698318 -0.401071175
-6.659632841 -31.964131401 4.509127406 0.352914807 -0.404797590 -0.620985113 0.570935671
-6.418139375 -31.878906726 5.563250026 0.878902889 -0.075417820 -0.097390542 -0.460822033
-12.552406084 -39.790665005 8.694365317 0.575837509 -0.253209721 0.187211318 0.754485204
-11.962965922 -36.862206420 5.795517124 0.799238236 -0.031543497 -0.407212211 0.440909815
-15.942369801 -32.092802351 8.304313121 -0.809612108 -0.239451214 -0.467677549 -0.261665935
-4.114538298 -27.278400497 6.355542969 0.324372408 -0.908534143 -0.126689629 -0.230863576
-4.621338589 -28.404524202 8.359830372 0.244568668 -0.963410457 -0.093906689 -0.056639140
-10.245158413 -30.205449166 17.877537324 0.901808007 -0.393043658 0.120905647 0.132818773
-7.296882875 -28.394868899 14.356376865 0.821910267 0.170369536 0.449880710 -0.305032919
-4.346776287 -24.207632647 8.995211560 -0.192153081 0.620991106 -0.343775690 0.677691312
-5.506211759 -38.265468711 17.672655034 -0.235755123 -0.774986155 -0.575678887 -0.111399284
-5.794753905 -37.331849220 6.858162989 0.340477313 -0.503594069 -0.767853292 -0.202162151
-7.551330945 -40.070922559 9.870367009 -0.316939135 -0.475714692 -0.587028326 -0.573273810
-5.449549695 -30.419745266 17.990760910 -0.680778378 0.246107428 -0.269191529 -0.635222681
-2.919501925 -28.318103645 6.165228481 -0.116687436 -0.846078888 0.448836125 0.262832059
-6.840487583 -25.884494335 14.057999666 0.736205936 -0.203605237 0.604610933 -0.225812638
-6.848466534 -35.465048730 17.378129881 0.821109545 0.545184941 -0.077802054 -0.149997787
-2.154098442 -36.651172767 10.880506478 -0.476293199 -0.204524601 0.765275426 0.381664773
-3.827400190 -38.692839053 7.750450837 -0.780191909 -0.372730452 -0.321437778 -0.386070395
-3.140297752 -29.526710249 10.893131183 -0.199704232 0.522322125 0.399433569 -0.726464480
-8.077296110 -32.098657131 9.224751578 0.217070899 0.675831054 -0.507586739 0.488352653
-18.220993952 -30.819522586 12.153052590 -0.059168157 0.613226167 0.230837061 0.753104939
-2.339671172 -35.543940149 6.615185776 0.253077023 -0.421149502 -0.672756478 0.553158059
-13.777661969 -25.061635219 14.715830140 0.427622325 -0.794212362 0.426941329 -0.063929430
-7.029578178 -33.043414639 14.032103936 -0.410315365 -0.853286619 -0.228464726 -0.226599023
-7.531233329 -30.097246196 11.319715052 -0.137840185 0.545640387 -0.172618939 -0.808380698
-14.227255152 -27.967355410 13.800738502 0.050820429 -0.736302066 0.667589573 0.097983225
-6.267052500 -34.805072835 15.517844441 -0.632964513 0.564900580 0.490143467 0.200006604
-8.962024205 -26.388879079 3.037009761 -0.691292959 -0.575480331 0.436807817 -0.011634628
-14.398487369 -26.005316961 14.333970416 -0.221975550 0.024337263 -0.970499939 -0.090908860
-6.199493842 -23.249347658 6.523145354 -0.075651885 0.254999478 0.812565550 0.518641770
-10.913665395 -39.293391507 14.629698447 -0.259772664 -0.692427435 0.588415146 -0.326848630
-3.595332515 -24.358339835 6.210954445 0.306802440 -0.657363804 -0.389438856 0.567523100
-7.164222530 -33.349574875 5.686456662 -0.029282630 -0.200976135 -0.547659360 0.811677489
-7.843920161 -25.197216839 5.963204973 -0.403392504 0.411323320 -0.294177702 0.762592351
-4.645146321 -28.410758287 13.361755460 -0.862658010 -0.249394354 -0.313125419 0.309153823
-17.098330317 -30.094024555 11.729667565 0.278201146 -0.706285399 0.550173711 -0.347956816
-14.978968053 -38.370231448 11.776056123 -0.264197277 -0.943232089 -0.184061769 0.081451149
-4.631705364 -26.210288182 17.889332089 -0.801956559 0.357210416 -0.110098682 0.465987851
-9.671149761 -22.996556424 15.109404321 -0.244087656 -0.263324597 -0.220307136 -0.906943294
-8.764844496 -37.113675175 8.147644240 0.045895279 0.344928921 0.645719854 -0.679678993
-10.110871097 -36.029177070 5.847100219 0.463375973 -0.190971032 -0.845542038 -0.184041937
-8.413053093 -32.275576723 20.295784609 -0.270484454 -0.408730496 0.768074328 0.412115722
-8.158990184 -32.519346176 2.441962048 -0.311753441 0.548181451 0.767769930 -0.113297056
-3.212838951 -32.800386871 3.424900742 -0.045131769 0.585672188 -0.628627697 -0.509684637
-3.802938833 -34.718666399 7.602910591 -0.143462230 -0.784639414 -0.600492300 0.056290111
0.704574026 -32.483124497 8.504964416 0.180229873 -0.547819303 -0.676245180 0.458370658
-8.829826223 -24.646431205 16.377750775 -0.044157111 -0.463658091 0.253693752 0.847768131
-15.794613386 -27.433876604 15.284533825 -0.673765331 0.306008484 0.360068193 -0.568110889
