11.561287297 12.272782862 20.269900663 -0.042650216 -0.119734583 0.902735466 0.410990593
3.979641599 14.891337975 18.254196341 0.179592063 0.174935955 0.489274503 -0.835317044
14.260842247 13.034023939 19.190351978 0.059067826 0.671966508 -0.289185134 0.679223058
9.109868158 13.409498407 19.409651439 -0.124508514 0.521781261 -0.556992073 0.634036100
6.153479915 17.997024081 16.560004486 0.319058757 0.167536943 -0.932356147 -0.029067109
14.995308285 19.232092750 23.074009553 -0.729718339 0.616372118 -0.287496560 -0.070301396
1.705164159 19.418459037 25.805393000 0.016580030 -0.975456125 -0.065004634 0.209725651
13.135936429 21.472331947 18.956292694 -0.358130056 0.070853497 0.879861602 -0.304246948
16.350968877 16.669998024 19.488618411 0.096956380 -0.362629445 0.768402452 0.518321346
11.085622764 26.463701567 21.216977356 -0.464884522 0.509087774 0.482813266 -0.540003121
-0.250542076 20.912677601 20.836865930 -0.291248910 0.689058389 0.648227346 0.142034917
4.568263088 21.775902322 24.738803108 -0.269199353 -0.055577448 -0.341986972 -0.898603231
5.602512150 14.130493792 18.104063192 -0.387533084 0.144153004 -0.909795387 -0.036199074
3.396558270 17.752678423 29.569924688 -0.043316627 0.840160731 -0.071788835 0.535817113
10.451181744 23.180422694 18.420671793 -0.928160161 0.057454004 0.053345315 -0.363829672
3.556101721 25.102838792 26.414728211 -0.894822625 -0.443539132 -0.046339479 -0.020449004
10.779829672 18.206899149 13.654456841 -0.021815175 -0.211159823 0.908422261 -0.360145279
6.125811139 22.194483197 23.009267530 -0.301124157 0.091603137 -0.151341447 -0.937031949
5.364033735 15.096461577 14.380464002 0.554723313 0.460489328 0.216733360 0.658223575
4.259843778 22.244875553 16.545991313 -0.232601718 -0.164937816 -0.728775296 -0.622558050
2.831671908 14.335388447 17.073065994 -0.833129609 -0.338042354 0.434224608 0.055420324
5.589112475 24.641464763 24.679520467 0.697294157 -0.616173063 0.067190788 -0.359995853
8.579117275 15.246259939 23.130878922 0.212142690 0.432056264 -0.838784141 0.254487778
5.266600958 21.315920696 25.203960990 0.448574717 0.376896082 -0.021939546 0.810091799
7.576866146 21.010673327 19.740200260 0.459018551 -0.063911413 -0.670893472 -0.578894852
4.007637188 21.188609576 17.928801710 -0.333101405 0.724621281 -0.088097805 -0.596830152
9.878665541 21.615618453 26.763912460 -0.742202637 -0.090353965 -0.483497943 -0.455193525
1.625040181 17.147902313 24.238687243 -0.583291015 0.105084591 -0.490180730 0.639102239
6.837989212 10.510906026 22.977549016 0.276863325 -0.282733823 0.649205205 0.649569770
11.902304879 9.512170742 24.937969833 0.986567874 0.056911382 -0.099177806 0.116656282
8.493963140 24.737854221 27.283404226 -0.013906405 -0.830923762 -0.429660935 0.353219189
16.257109379 21.841246744 28.148819499 0.663250919 -0.201268801 -0.143912707 -0.706313118
10.621729859 13.842235027 20.685043347 -0.267607850 0.864944206 0.141937342 0.400139163
3.043096767 14.120052246 29.130743896 0.303297376 0.332462194 -0.305228907 -0.839234714
15.741144794 19.724543607 20.664477082 0.659380190 0.422811760 -0.331927973 -0.525615640
9.230813302 16.257383871 30.429898069 -0.459011349 -0.611422812 0.639603258 0.079864881
10.242845260 16.491187281 31.350603261 0.545648532 -0.488081709 0.321905629 0.600350473
9.911974782 18.915658566 31.946359577 0.091330695 -0.942240289 -0.071081256 -0.314307806
11.950848940 12.821007066 15.760582819 -0.837818194 0.520095000 -0.159677389 0.045442231
14.165018183 23.862124831 22.700874337 0.186290737 -0.325620108 -0.608529793 -0.699255888
3.054753531 10.343056719 20.772490509 0.185359542 0.332689399 -0.829242816 -0.409042731
16.973708016 21.996724136 22.227716024 0.214813547 -0.494644334 -0.840169771 0.057418446
10.294860138 16.260174218 16.201608301 0.611387672 -0.640396886 -0.115511176 0.450282258
11.413495374 22.242070051 14.665297071 0.048499759 -0.137380936 -0.963397002 0.225034373
13.960183786 13.994385289 26.669636422 0.153545939 0.790397884 0.190739822 -0.561527515
12.087312794 13.175623122 20.352064017 -0.635007557 0.515617661 0.017032817 0.574990185
5.151727839 14.200302084 22.844973004 0.055772327 -0.366734074 -0.062786224 -0.926527634
6.415869131 13.835119310 26.859280650 0.881416643 -0.246042779 -0.344258362 -0.209890047
8.822215271 16.638645489 22.095799472 0.581726445 -0.666055624 0.095469278 -0.457000946
7.687210581 24.563529214 18.714917483 -0.291037251 0.116229071 -0.395334789 -0.863422565
6.565369857 13.486358630 17.647699558 -0.108816746 -0.076712175 -0.836057986 -0.532241676
13.402409808 12.481364125 27.049902163 -0.411008053 0.564677890 0.699805502 0.149945060
10.626393775 18.980176490 24.609190062 -0.183219963 -0.086083758 -0.169526664 0.964510623
15.957609733 21.321353594 24.379150544 0.945981498 0.037264356 -0.062927681 -0.315864654
9.714432785 24.146829847 26.335956686 -0.782281126 0.070969521 -0.600798700 0.148460394
8.422102833 23.507065115 20.755731178 0.702900795 -0.564237145 -0.375467878 -0.215848994
8.456811938 11.747154491 23.926807354 -0.553828633 -0.079385489 -0.675884029 -0.479742189
11.743022857 25.632640281 18.946088219 -0.135799111 0.750096191 -0.476055118 -0.438504082
9.432269140 16.043087244 15.571703719 0.549630914 0.545315225 0.543457636 0.324331561
13.951943132 20.621255397 15.653356574 0.342324445 0.163330123 0.845884199 -0.374989556
12.642100713 17.620789898 31.635234193 0.457064493 -0.221552111 -0.180523836 0.842269468
0.196396505 19.220457334 23.892975386 0.810990745 0.454512053 0.331199723 -0.161305759
9.270992483 20.425976699 19.561568940 0.750506255 -0.603519536 0.258368958 0.075828839
17.933087090 19.052933084 19.666080086 0.135090096 0.828237961 0.542307180 -0.040932484
11.857818602 11.181167096 19.391450139 0.329924064 -0.306591964 0.407344067 0.794494991
10.662005009 25.116554737 28.753917398 0.688023813 -0.130672673 0.645102761 0.305598289
5.569802982 18.373983931 25.919375031 -0.798635597 0.510049250 -0.309159349 0.080320877
2.240469560 19.514511443 19.809753223 0.097182754 -0.489642243 0.550150107 0.669433227
4.517087423 13.535472002 20.338268985 -0.007835957 0.889897888 0.114494886 0.441487562
8.065476465 10.282674314 28.396625607 0.492004115 -0.483630126 0.135812648 0.711047661
4.387582072 24.030909834 26.865814465 0.321100122 0.938430629 0.105734045 -0.071154610
5.826256749 22.311889758 27.718097064 0.888781807 -0.444919386 0.082856101 0.072446567
5.698304354 25.613560363 24.653426261 -0.342831446 0.358300425 -0.758900879 0.422086320
13.876777038 9.937214374 20.166134875 -0.560611050 0.752522121 0.344651847 -0.025314282
8.509510691 23.947255460 19.560810496 -0.731058391 0.216582429 0.630906505 -0.143536275
11.682866568 13.570852248 28.279158997 -0.554059450 0.789965940 0.164368217 0.204829269
15.605384623 18.640962039 16.973618534 0.098927714 -0.590196666 -0.077199813 -0.797446796
5.178433826 15.136759428 27.682042559 -0.157570799 0.315910787 -0.125152795 -0.927204722
11.082809051 22.480264604 19.777544800 -0.211523723 -0.208282929 0.907577965 0.296948099
0.608365827 13.538949093 20.619215088 -0.877874769 0.200470049 -0.347650510 -0.261317380
11.271917288 18.647774520 28.007897773 0.656080130 0.669529691 0.076437485 0.339773698
17.879967870 18.729311482 26.477874900 0.714320538 -0.623558507 0.056504775 0.312615048
9.956888143 20.885090384 28.026857425 0.203702831 0.832622132 -0.510511058 -0.068000006
13.600770574 19.513883073 24.829389364 -0.288369782 0.366692045 0.883265090 0.047144402
10.575818244 21.379856448 25.449858789 -0.620783573 0.620004690 0.394118101 -0.273665601
10.597169624 20.124688927 20.943584644 0.801965638 0.061008451 0.465793437 0.369006176
7.248859395 25.177120658 23.365327988 -0.749734455 -0.424691731 0.480771001 0.162463613
12.560503740 19.859252628 30.112893128 -0.495419056 0.233416736 0.827361175 -0.124699930
11.441389534 16.080494254 21.544500931 0.588260663 0.279699222 0.295808660 0.698723818
11.979249190 20.248892723 25.322838330 -0.040457879 -0.720108024 0.661616473 -0.205112740
14.097928612 23.376622642 19.658798938 -0.202558946 -0.631166554 0.065366115 -0.745872593
16.012536805 21.325482231 16.838623278 0.583036649 0.588537852 -0.472299797 -0.301038808
1.381344989 22.503797395 21.660800843 0.054991837 -0.070018065 -0.995497139 -0.032539447
9.451778793 23.647284816 17.003099840 -0.140425419 -0.129684809 0.976118401 -0.103225091
11.266843970 17.009035209 23.942967414 -0.859708464 0.082528544 0.178373529 0.471458673
7.849307789 25.379375537 20.250374681 0.776250029 0.372420432 -0.375058126 -0.343613617
7.538310569 18.150663201 25.697777515 -0.520224013 0.613237101 0.097526437 0.586341051
8.028420426 23.047230249 19.021952576 0.323422947 -0.045970096 -0.297009366 -0.897256810
2.554939735 16.431191354 18.592275811 0.634134791 0.723899096 -0.134594407 -0.236066753
9.531844260 18.412000167 16.405603370 -0.541836506 -0.839501119 -0.002658580 0.040546303
12.661779278 17.227539442 27.476054799 -0.355195950 0.900356423 -0.188636573 -0.166163749
6.596872907 27.524715157 21.750573844 0.168728636 0.433708450 0.048143909 -0.883804159
11.314995850 9.838869502 26.411950851 0.035790712 -0.369835672 0.535189647 0.758625496
4.972709040 16.412479865 18.506082556 -0.819486732 0.268124421 0.505931688 0.024164418
2.241243258 17.920750252 22.648000493 0.969419806 0.076333329 0.101792231 -0.209849482
7.210270724 12.249109862 21.850540942 0.826834082 -0.239783129 0.481770229 0.163544790
15.650462015 14.831999326 28.656272762 -0.265591854 -0.082721970 0.907647698 -0.314314650
9.136008767 12.236115347 23.532761984 0.594601825 0.614711203 -0.232487549 -0.463172048
11.304942355 14.375343304 19.948797658 -0.707188975 -0.156753327 0.318865015 -0.611258743
15.750349513 24.107350558 25.576541528 -0.816346985 0.195758603 0.433811105 0.327206501
8.900652838 19.008284082 28.645290973 -0.374812721 -0.649904686 0.376971490 -0.543168316
13.815067023 14.439677259 19.602115057 0.323784110 0.099121226 -0.232663895 0.911705185
8.839408186 23.930262309 23.944570628 0.260142668 -0.125573599 -0.906576584 0.307694591
7.852361998 15.133712956 27.802828551 0.284701352 0.710950202 0.600435812 -0.230156004
13.878010695 18.337824670 29.143508359 0.828503945 0.454924880 -0.317714440 -0.075379715
16.261529172 22.131251817 17.551360053 0.225156352 0.814863609 0.223623266 -0.485071697
9.449087867 10.065079809 17.439097228 -0.850376751 -0.451881377 -0.210117429 -0.168858723
13.199262150 18.202499438 21.185088048 0.192801278 0.722638960 0.616078449 -0.247119293
13.825219783 25.987380615 24.827472243 0.950019046 0.167943569 0.067236039 0.254436798
0.607176148 22.605544443 23.806706207 0.359533495 -0.591977513 0.588583075 0.416975123
1.839348318 12.916681568 23.933459391 -0.277293239 0.880810219 -0.359891120 0.133267399
12.934109056 14.219116297 14.774367296 -0.000723960 -0.268411324 0.687109501 0.675155813
13.507327660 11.746086345 19.980321422 0.367278105 0.551114074 -0.231900128 0.712462211
11.311417409 20.964376190 27.107284221 -0.441483391 0.538556483 0.595337022 0.400778193
1.151767907 17.545194003 28.508757423 -0.255039033 0.564377695 0.617523216 0.484869041
5.892109541 9.814870565 18.250035854 -0.303347252 -0.549080094 0.520807672 -0.579008518
12.615786083 12.594305515 29.054945293 0.292434736 0.929940859 -0.070806501 0.211372569
6.759012046 18.707487085 29.869693626 -0.683626318 0.034598805 -0.669766467 -0.287872994
9.456047152 8.345495374 23.490381456 -0.182516418 -0.138052392 -0.647120437 -0.727230661
8.266764883 8.724145467 22.531654746 -0.536169025 -0.831794973 0.143656863 -0.001614325
3.050270417 13.702507894 20.042982634 -0.074603625 0.520616099 -0.445328139 -0.724621298
4.443045580 13.901634340 17.528856312 -0.219935444 -0.906026660 0.358537642 0.046849242
8.894474252 26.052020335 28.134955015 -0.535626703 0.584537431 0.109103253 0.599596953
11.488548167 10.884958331 27.401431944 0.439725867 -0.290154346 0.639337576 0.560088458
4.009160624 14.333963790 30.468900105 0.264496065 0.107581859 -0.544786880 0.788463842
0.923728574 13.590643731 22.629411804 0.303307104 0.778532670 -0.546087071 -0.060667897
3.641949929 19.598019476 24.037567518 0.598866303 0.344701395 -0.722570190 0.020794713
3.214368123 12.947442578 21.169943893 0.876516977 -0.377749813 -0.104468388 -0.279480633
11.739132279 26.385491927 25.942192433 0.017588494 0.959302032 -0.260645870 0.107210009
7.663263777 14.652307179 21.692288257 -0.199438661 0.306945301 0.126407066 0.921970746
11.815671061 22.928580352 23.298792270 -0.692270786 -0.537545466 0.450296072 -0.170409734
15.601987072 21.114918212 28.655580455 -0.753968044 0.017625975 -0.256172505 -0.604646311
17.641539726 22.413743529 24.253993888 -0.737349831 0.336635449 0.579728113 0.083109058
11.481742365 17.341374012 27.186126276 0.973136850 -0.037950067 0.003451877 0.227051861
15.551603488 14.119879365 18.056213521 -0.017963910 0.892482212 -0.448830804 0.041276002
4.876862951 9.880397038 26.279936678 0.100988943 -0.734587382 0.309072471 -0.595530704
3.378638257 13.047819716 22.200174740 0.734848509 -0.500137348 0.133203377 0.438311719
6.084545266 9.554299585 22.663673002 -0.198107146 -0.147822846 -0.524279909 0.814881919
14.567058777 11.820718705 27.802281802 -0.169548430 -0.360600288 0.917176099 0.002960646
0.889992847 18.578103009 19.805797580 0.491605395 0.535082799 -0.624348046 -0.286705511
16.795481729 20.267894022 17.132113706 0.489703002 -0.134192879 0.598566263 -0.619597991
9.093491855 20.831724023 15.991613620 0.589999329 -0.624973969 -0.260440538 -0.439862542
10.381288085 8.763384441 26.214664589 -0.179207806 0.748322261 0.606663915 -0.199642807
12.974117205 11.336169129 22.501315054 0.376309851 0.332827369 -0.864644751 0.002508653
0.681846717 20.807058571 19.801055999 0.039084425 -0.266417538 0.444212363 0.854499549
13.779556144 21.999540467 15.552065833 0.310535669 -0.621241927 -0.274683223 -0.664962551
11.671010261 18.723688094 30.909842657 0.314407498 0.266156517 -0.006864777 -0.911186868
12.616044441 14.000854927 29.125156415 -0.584693585 -0.316060376 -0.615744070 0.423200296
5.026570201 17.385973015 20.789410060 -0.426450422 0.826690636 -0.241011018 -0.276832654
7.997396305 19.122791888 29.858293812 -0.571900989 0.214646266 -0.720531813 -0.328161768
8.623349153 10.661044398 16.867328642 -0.485142434 0.391098774 0.763755845 -0.168391142
1.392132687 20.771100308 21.984257793 -0.501555233 -0.314378718 -0.786994208 -0.173920922
15.862699337 13.755983923 24.059598845 -0.033885355 -0.116956135 -0.621222533 -0.774116018
16.068019099 14.608297382 25.199199402 -0.275247368 0.583966264 0.442035853 -0.622757250
11.182950404 14.136767116 16.779932886 0.585717275 -0.234571439 0.760520382 -0.153363171
9.853303114 14.274343864 17.117887807 0.353161983 0.181928769 0.842438272 -0.363972930
15.281875317 18.133644603 28.537497991 0.489932863 -0.637082632 0.087869961 0.588532395
11.943974824 16.872062370 18.583829380 0.447511917 -0.592041822 -0.618867828 0.257336698
16.508714643 15.216176320 20.935181017 -0.547691406 -0.135769453 0.825142244 -0.027222369
17.764618484 14.730186710 20.475744291 -0.469578295 -0.626232950 -0.122434117 -0.610195381
3.242836763 18.063249754 23.443189010 -0.549276157 0.294143334 0.147012111 -0.768220568
16.579411556 13.112433086 20.351808693 0.321389721 -0.743257754 -0.131264849 0.571879443
7.473730982 10.669558299 26.902072254 -0.338161067 0.136842965 -0.216542734 -0.905555266
0.063033636 15.281257703 22.424797996 0.922131860 0.015240062 0.326530579 0.206925965
15.638824767 16.523312531 16.087893558 -0.890112939 0.183618155 -0.405921461 0.095974456
4.793326592 16.032142626 22.012328154 0.842977697 0.190091214 -0.132913350 0.485374055
11.632964229 25.239848493 22.480821278 -0.294593155 -0.666778937 0.482598952 0.485508985
7.298380032 14.074219549 23.664876764 0.411579427 -0.842839688 -0.093052122 0.334013382
-0.681078760 19.823612256 23.102757771 -0.416273757 -0.598734840 -0.252529242 -0.635973060
11.795346373 17.558096428 18.997182947 -0.021947318 -0.103241476 -0.958256273 0.265714939
8.476417259 11.611830665 28.995794964 -0.168286470 0.314810419 0.912724153 0.198767918
4.229758426 18.981878666 26.761585758 -0.260200163 0.260925196 0.917463548 0.149915160
13.304020972 18.399099072 28.917671281 0.292160768 -0.440062596 0.053624654 -0.847414535
11.684609008 21.401097670 23.479588073 0.147519670 -0.830169030 -0.292013245 0.451426177
3.476390620 13.240081106 24.580903252 0.026282676 0.831041753 -0.057200348 0.552636360
7.686033467 19.391600330 29.816395480 0.116928306 -0.095918990 -0.944223624 -0.292521909
10.811052974 15.743422073 31.317322597 0.053436334 -0.061372075 -0.922702308 0.376826853
13.206260288 17.289788402 21.813115611 -0.664473356 -0.287217944 -0.561247091 -0.401226513
12.270237900 12.588227476 18.225005572 -0.547328087 0.496769122 0.540724176 0.401584076
11.726183383 21.382814542 19.866150631 -0.965186143 0.230826682 -0.111766320 0.051410528
10.231145994 22.007088569 27.902682433 -0.109745122 0.066055048 -0.766147513 -0.629770377
8.165141667 14.868556939 18.791972102 0.552613033 -0.683442054 0.453008490 -0.149362318
4.723399018 17.934333016 14.962925906 0.539671272 -0.783767358 0.258013875 0.167010441
10.054319597 22.631376141 16.804397922 -0.108732764 0.328107136 -0.928384376 -0.136474700
13.442700834 23.793524955 25.148945307 0.269824335 0.917404455 0.271558652 -0.108718870
8.625241013 10.288760172 18.562955176 -0.797898431 -0.449504169 0.200236151 -0.348151662
16.297467713 23.584377282 25.736142454 0.673361261 -0.502009326 0.433379887 -0.326730964
4.064861231 15.422129370 23.533893497 -0.346783717 -0.075082569 0.217524555 -0.909278136
5.090377807 22.067111515 29.695061267 -0.356028031 -0.480849236 0.359162724 -0.716261259
15.722563180 23.060180707 21.614971248 -0.350102151 -0.635690204 0.519370424 0.451199303
