29.540888769 -28.455814555 7.756126761 0.672807817 -0.550639349 -0.492758866 0.036258078
38.606092475 -30.380764462 7.946601913 -0.241637976 -0.942629058 -0.196138076 0.120794881
27.976152949 -25.458826374 6.295478419 -0.428134430 -0.418160391 0.045350110 -0.799866342
34.094695045 -34.071155565 8.438915520 0.110619543 -0.050123120 -0.712687936 -0.690888483
26.746838173 -21.724993491 7.598151555 -0.691032298 0.638900551 -0.147702613 0.304079574
26.684195046 -26.608004096 8.541457047 -0.395799124 -0.136350823 -0.889386568 0.183692786
30.995054054 -22.117573469 18.697929654 -0.596551625 -0.654697617 0.438184722 0.153268844
36.329949916 -20.781389526 3.424559845 -0.632500380 0.414068485 0.094356183 -0.647755718
23.486152545 -29.619054400 9.105506116 -0.382230288 -0.481228487 -0.685525709 0.390350678
28.848183617 -26.776695272 13.395745979 0.395007460 0.882216060 0.255737703 0.016191293
32.314884259 -28.518156171 0.809442600 0.188347895 0.040465238 0.145616943 0.970403700
27.392523239 -20.871868112 8.548068006 -0.888163595 -0.344134445 -0.247075119 -0.178019096
30.694663960 -27.230471305 6.748860945 0.257855480 0.517297060 -0.806164508 -0.126542835
36.696029812 -23.911436829 8.163742578 0.673896114 -0.539438586 0.504209798 0.025347959
24.127950177 -26.061133586 13.697313125 -0.132407284 -0.140327414 0.936517137 -0.292766425
24.497504682 -23.331485774 12.883445870 0.609160665 0.133742835 -0.760975669 -0.178751696
25.932352006 -30.776659869 11.213001065 -0.374188029 0.521405738 -0.223407403 0.733626954
33.910110523 -26.004063366 8.852295965 -0.504497152 0.487998949 -0.644821996 -0.302562790
30.863656771 -29.668404582 4.241920989 -0.284558923 0.350048592 0.644070416 -0.617790824
31.599064643 -26.203565997 0.376907814 0.380716363 -0.868140832 -0.293222149 -0.124126221
33.394005091 -23.441310610 16.486734079 0.153634612 -0.521716309 0.833298844 -0.099103662
31.132337897 -28.028646201 8.642730521 -0.223784758 0.664570112 -0.289037422 0.651708766
29.444901118 -25.344489774 11.801942248 -0.348572141 0.188262455 0.913838417 0.089185524
33.828176500 -24.085370655 17.826095024 0.316304059 0.325793542 0.300175380 0.838871296
36.377750336 -23.499614007 15.265699647 0.114675236 0.675254183 -0.596050305 -0.419052996
35.247728625 -27.931619948 15.183678136 -0.447170326 0.630548002 0.236487527 0.588660824
41.357455064 -27.810262463 9.386968715 0.552409330 0.355153838 0.145497617 0.739959544
36.319913891 -21.783599096 2.568583932 0.384662021 0.413129003 -0.711829293 -0.417921779
25.596755580 -27.913296196 13.081619539 0.288579749 0.082244758 0.937581976 0.175777036
38.651219512 -27.416267697 10.383816584 -0.589299284 0.395701056 -0.679793346 0.184466896
30.163510906 -27.190648013 8.135484595 0.816245402 -0.212016756 -0.158269441 -0.513559270
25.997588814 -24.899983028 14.930996452 -0.580991386 0.759736577 -0.290751370 -0.026701762
30.620259903 -27.507288649 14.325856994 0.381850071 0.041812632 -0.301385764 0.872702039
31.268578890 -21.096047787 3.129856564 0.162975036 -0.305068860 0.934973457 0.078719515
31.547530800 -29.051594720 11.663716800 -0.673336733 0.467009673 -0.303216944 0.486393969
26.328257665 -20.819693085 9.812102389 -0.623088816 -0.781772694 -0.015920860 0.018393161
26.976045793 -17.723009186 9.494792771 -0.166412218 0.951801293 -0.124027480 -0.225828380
35.378571175 -22.447719819 5.828605246 0.419019726 0.094501020 0.881447431 -0.196322320
34.681030560 -16.018580065 9.198762240 -0.148436325 -0.443094512 0.874559868 -0.129533576
28.485568769 -21.740287664 5.883019474 -0.174524234 -0.394932736 -0.821072687 0.373375238
33.067152548 -23.667436632 11.002717508 0.358722638 0.457524756 -0.468103353 -0.665483597
31.644550717 -23.598635861 14.080327204 0.732089310 0.433523784 -0.275335856 -0.447540542
31.271289145 -22.167044530 10.337479825 -0.340473428 0.643933701 -0.442770527 0.522858962
36.951989998 -26.054853211 16.878911558 -0.709362025 -0.339020760 -0.120568913 -0.606080505
35.009505615 -23.019472391 16.971167504 -0.064592150 -0.322973364 0.648523818 0.686245523
35.626538274 -32.406755055 12.437446034 0.708498042 0.294642586 0.137563016 0.626332729
41.077159399 -26.052394067 10.317265774 -0.340679887 0.381193792 -0.755740773 0.409248570
25.176046203 -23.917784452 9.529164604 0.183681760 -0.710372619 0.675007004 -0.077442222
40.969669728 -26.043243691 6.140768775 -0.432691382 0.524557568 0.312794479 0.663156950
35.933405832 -29.225995006 7.039697666 0.437088702 0.832548156 0.004808576 0.340285047
40.686193429 -25.837682391 11.137111922 -0.029499891 -0.187252570 0.716344099 0.671503808
36.410027598 -20.850233987 16.658939299 -0.206008473 -0.026509122 0.880345751 -0.426437725
28.278006188 -17.514177551 12.893064396 -0.060201900 -0.792466725 0.287057055 0.534762067
36.893751882 -30.142258455 16.086166943 -0.351715400 -0.508899761 -0.148541255 0.771526283
39.778625701 -24.671244976 13.964677767 0.516366245 -0.512752061 -0.350264024 0.589717169
32.859241056 -21.939652143 16.089852542 -0.634014438 -0.530386195 0.376194292 0.418561861
35.527165393 -31.582507087 8.657898788 0.590632954 0.027260455 -0.806315636 -0.016268883
25.040185143 -27.905911639 6.843160976 -0.631175186 -0.233004108 0.718399850 -0.176716229
26.728600379 -21.761140324 4.211195712 -0.082311286 -0.436001607 -0.869371742 0.217532125
31.027188175 -18.899642327 7.410819905 -0.535485869 -0.418816584 -0.733327059 0.008886912
27.075798320 -29.542452867 13.419758456 0.633615136 -0.359360994 0.236807324 0.642894881
31.154997119 -26.978828226 4.126672363 0.365506888 0.822640801 -0.324386697 0.290585785
32.474453338 -16.478829423 14.693563337 0.035184140 -0.570101711 -0.819781836 0.041277793
33.019644159 -22.006665492 18.644828240 -0.426415654 -0.171690596 -0.571248706 0.679975695
29.309566016 -17.844656446 13.242143029 0.213657493 0.489726045 -0.314746534 -0.784508442
31.368661837 -26.166277067 18.651229188 0.221565481 0.865021564 0.310044150 -0.326372574
37.639486428 -25.776931155 11.746372121 -0.156345640 0.922624835 -0.347178635 -0.061534136
31.459490334 -19.659720828 8.102081182 -0.237914069 -0.661310900 -0.519537360 0.485948270
31.994247253 -25.917464450 2.108980791 0.638720488 -0.638940477 -0.262340935 0.339069961
34.981069385 -29.490021765 7.249244544 -0.970294087 -0.207151236 0.123656280 0.018079684
31.542013341 -24.581008320 2.531124845 0.699779738 0.312418540 -0.639814698 0.057793818
31.938202167 -20.475776964 4.936706452 0.624363738 -0.379954213 0.216234004 -0.647338840
33.858341305 -21.553182798 12.454887713 0.240338782 -0.774409180 -0.368560213 -0.454632886
29.741448604 -31.981635772 3.405233707 0.476079711 0.158317144 0.850576841 -0.157489136
34.741193538 -18.761204989 13.611347558 -0.544347426 -0.056403637 -0.802615722 0.237302577
29.740108578 -26.841881656 0.648360043 -0.208357167 0.441698472 0.292964589 0.821986314
26.514796326 -22.618562457 11.618202710 0.315460000 -0.137774554 0.646947922 -0.680412777
35.896877589 -26.918599201 13.586781916 -0.542009453 -0.027325486 0.588613858 -0.599176766
27.958076638 -30.214004024 10.472684011 -0.189696411 0.777373504 0.409315054 0.438368445
30.784072087 -22.769749589 18.182550972 -0.139182521 0.181415747 0.632457931 -0.740076697
27.892426622 -29.401131267 4.062991554 0.083974984 0.311023234 0.164609249 0.932264204
31.664357864 -24.106633653 7.209863029 0.270133006 0.357507161 -0.261451692 -0.854903388
30.953970587 -34.558462128 11.594011631 0.558334947 0.395531512 0.026213973 0.728786483
38.775368613 -23.037762802 14.001635510 0.213492315 -0.528277394 -0.500357033 0.651910167
37.040841122 -19.392212781 6.625524109 -0.206573318 0.614924286 0.144169588 -0.747268838
28.845057070 -30.959391652 7.469345724 -0.284124731 0.570020707 0.063606256 -0.768312290
35.268147221 -30.033808484 1.823288352 0.751674294 0.196310879 0.271071814 0.568302619
38.475098291 -22.370853492 8.825747848 0.417962476 -0.538395190 -0.721066213 -0.124505037
24.903914847 -27.725836536 15.479752655 0.225734211 -0.161735361 -0.700094802 0.657839652
36.826691595 -29.532099172 14.991824761 0.429421353 -0.847573873 -0.244226038 -0.193828467
29.804456171 -29.458118530 6.614645673 0.981021847 -0.052653496 -0.092817300 0.161890996
34.242348688 -28.028351044 17.833900763 0.817866730 -0.408339595 -0.140433083 0.380304268
27.466951524 -28.586791873 4.105310699 0.250128116 0.308967853 -0.798576616 0.451940461
29.849133600 -15.663146345 8.773144133 -0.413414960 -0.024966573 -0.878649934 0.237569011
34.036455338 -24.620386892 2.866193074 -0.312698791 0.720870839 0.588386426 -0.190699014
32.155061557 -20.371707003 11.187319314 0.600571023 0.046349416 0.786125549 -0.138465875
25.962509668 -26.112042282 8.495507997 -0.169315129 0.429653832 0.678692888 0.571056858
28.998399985 -27.332075079 6.911827847 0.038053469 -0.210983159 0.690994235 -0.690336879
28.566002036 -24.568942662 4.876951222 0.880204679 0.356135856 -0.223827600 0.219791221
34.744018233 -17.060868529 8.472468036 0.675501348 0.605817386 0.179014352 -0.380311827
28.148384664 -21.198959510 10.669739363 -0.385501366 -0.277518346 0.479233114 -0.738043282
29.557537518 -19.794449986 3.378321417 0.826467892 -0.474481123 0.065455733 -0.295861514
32.487336105 -17.337629279 11.275989641 0.152062423 -0.415606403 -0.783939240 -0.435416589
29.214339036 -33.202995786 5.641389044 0.325299547 -0.177402542 0.723988288 -0.581850068
35.073037010 -26.593158003 16.475660000 0.420640399 -0.762026937 -0.136518231 0.473010967
29.257342022 -33.680167341 8.409902687 -0.881866679 0.161067638 0.170094617 -0.409189684
34.974613215 -27.802370563 10.331113295 -0.259418870 -0.322259672 -0.383962364 0.825483771
25.394602073 -21.104737279 7.060312878 -0.076985490 -0.054720092 0.982445477 -0.160872095
37.118439390 -22.167552206 12.127693165 0.712161593 -0.558130034 -0.422192790 -0.055407389
28.437863328 -28.531044880 5.062723026 -0.402463227 0.102088150 0.476781565 0.774777839
35.997850703 -26.964909585 1.708567994 0.846145990 -0.518916004 -0.084684236 -0.087130501
34.575315048 -20.564407026 3.190280072 0.804444444 0.083356690 -0.583941080 0.070239687
28.970608666 -29.054474943 8.302714937 0.451901727 -0.020201303 0.624989032 0.636211793
34.940060034 -29.179785872 5.852847791 -0.696741005 0.027933688 -0.078293721 0.712489842
35.835657390 -28.573327512 16.894419118 -0.469019491 -0.700017276 0.256606283 -0.473444554
38.223249380 -30.788379658 14.678299345 -0.826058792 -0.415148017 -0.299395538 -0.235884096
37.985517716 -28.843275206 9.186676732 -0.802369312 0.534669471 -0.254402084 -0.074910764
37.454883184 -21.091426237 4.606985218 0.418180067 -0.522103124 0.400144260 0.626433022
25.854189195 -23.405463659 2.452926033 -0.680603424 -0.665319948 0.301371238 0.057478032
37.992644249 -28.754586618 5.721572321 -0.929400893 0.326914389 -0.091911420 -0.144544989
24.907392379 -21.461534584 5.535454836 0.428325763 0.880145363 0.193790692 0.065774974
29.447204738 -23.656467938 10.889180173 -0.665236930 -0.544320250 0.209341119 0.466209811
30.899809022 -23.245076102 7.811669428 -0.460167817 0.636741925 -0.591931461 0.180062342
34.074402868 -21.793360090 13.541258500 -0.042303416 0.089013080 -0.067132363 -0.992864713
25.752529338 -29.462728057 15.004804013 -0.453718280 -0.167305249 -0.512777968 -0.709371153
31.342685662 -26.241889710 9.173201173 -0.720341218 -0.657502346 0.179303850 0.129032257
30.070508584 -27.887375774 4.841695047 -0.107133649 0.769807738 -0.480365515 -0.406407923
26.162098752 -20.867247504 4.789867976 0.001868016 0.684356177 0.324882867 0.652766617
35.848961502 -24.317353424 9.255803189 -0.701476972 0.105853284 -0.446616901 0.545214164
26.018701398 -27.572371396 11.270597115 -0.593962085 0.091321274 -0.069961664 -0.796225365
34.171582587 -26.704752910 7.779824687 -0.238805577 -0.919781339 0.204110052 0.235187737
30.855842205 -17.646529208 11.910658399 0.672164057 0.124721677 0.138732392 0.716514694
38.123655129 -21.182437138 14.790179280 -0.399080410 0.554668841 -0.032763140 0.729385961
38.774871075 -31.338562742 11.479033191 -0.262028837 0.471278276 0.329343466 -0.775093902
31.463210001 -21.452872734 2.550021522 -0.521527383 -0.320328147 -0.300502232 0.731503572
35.597826175 -30.015429009 6.132707873 -0.442351583 -0.714008116 0.464583132 0.280499557
32.455207951 -31.320525127 2.392840715 0.381276036 -0.417868797 -0.747434395 -0.348361993
27.513457990 -29.150095494 2.078264021 0.519739373 -0.117096033 0.842663213 0.077962891
24.638207076 -29.236664408 7.986211655 -0.488337249 0.072641327 0.748565942 -0.442604788
40.113812338 -24.867120146 10.882245424 -0.263002818 0.835085751 -0.132811232 -0.464566985
30.298452625 -17.798305136 4.183433783 0.403351241 -0.036710965 -0.652764416 0.640202076
34.554422925 -25.860546137 9.098042524 -0.159095777 0.753295865 -0.484165893 0.415712956
34.485408862 -15.623438062 10.402169504 0.846893921 -0.447604461 -0.221956896 -0.182088081
26.993105971 -18.595264281 4.379552406 0.749201182 -0.259132385 -0.310496921 -0.524537567
33.843164449 -28.422109422 1.960959201 -0.336817172 -0.789816140 0.377199407 0.347081063
28.168614322 -23.192026450 3.270679769 -0.966784020 0.217420834 0.122782272 0.054601775
27.779490489 -20.163919611 6.212373525 0.832095550 -0.347480808 -0.431472145 -0.026568239
28.621310018 -24.435991363 12.078834689 0.220575815 -0.599042854 0.036857799 0.768853348
24.952650913 -25.458779341 10.528061411 0.780069877 -0.224295218 -0.557063368 0.175678817
32.416732368 -18.507740786 2.432608931 -0.973906119 -0.200588797 -0.105242376 0.013965962
33.892722720 -21.844473981 11.817278892 0.402869542 -0.097499571 -0.289673928 -0.862716049
33.440334611 -25.025604337 4.654747787 0.387377420 -0.461675911 0.022036450 -0.797689465
36.671777780 -20.428760244 14.394631311 0.770385485 0.244354237 -0.284446827 -0.515642526
30.298837929 -17.029676535 14.831848756 -0.761631878 0.346566505 0.430763957 -0.338010284
37.711082598 -24.656262694 5.014981515 -0.443103279 -0.251359178 0.021569604 -0.860239966
28.812502653 -31.638294440 10.290455622 -0.349006820 -0.124651168 -0.185997923 0.909978625
32.995902225 -24.811191621 7.701904636 -0.848824088 0.522201254 -0.016578319 0.080800228
37.007927609 -25.123274705 11.977411119 0.406756576 -0.362639380 0.449522979 -0.707792950
32.685061818 -20.882312019 15.833229181 0.018909874 -0.537110747 -0.242978674 -0.807536889
36.222614574 -30.724108960 11.089324144 -0.909354100 0.150006403 0.325298608 0.211551450
35.201584073 -25.242781192 15.971905484 0.522316071 0.258082051 -0.777271683 0.237546434
28.952453938 -32.681466779 11.081533140 0.146882066 0.624951620 -0.725032442 -0.249377403
28.874004872 -26.856502052 8.606933846 0.614403356 -0.703846584 0.356415452 0.008748040
34.522020871 -26.968346824 5.139866123 0.280987208 -0.542370930 -0.791639625 -0.013662656
37.666707372 -28.091474369 10.557733440 -0.504869810 -0.115740527 -0.570397161 -0.637461908
29.503740897 -27.355436903 17.809044715 -0.187670377 -0.781185892 0.019430908 -0.595105764
32.344055560 -24.356139113 2.092380503 -0.550870694 -0.107639878 -0.305276514 -0.769260284
36.991464508 -19.167724943 3.299269884 0.940764775 0.304601516 0.102740035 -0.107814839
31.926236467 -18.396947655 14.239983981 0.495842407 0.266516614 -0.817824232 0.119468521
27.569752551 -24.082588406 4.327935085 -0.250727631 0.079201888 0.964783524 0.007447653
26.234080837 -23.652560372 2.603219832 -0.183975484 -0.524451758 -0.829444888 -0.055897704
30.906050181 -30.817659150 3.312548887 -0.503691134 -0.150248369 0.710625707 0.467687688
27.701090535 -25.234693637 10.430333738 -0.070635169 -0.833537647 -0.547918660 -0.003287382
28.714795903 -18.431921329 10.365621120 0.852997920 0.306491881 0.335212018 -0.257080101
31.563009513 -20.073774573 10.807166119 -0.057789712 -0.847834209 -0.510330065 -0.131911822
32.133027904 -25.092492305 13.485530963 0.569092400 0.412821000 0.711131624 -0.002115504
29.768319650 -27.314500897 0.584309905 0.776118658 -0.355345607 -0.519931730 0.032254068
33.868116216 -20.277202973 17.024765830 0.587140967 0.422325326 -0.239930184 -0.647564909
30.432547497 -18.774702973 14.363055667 0.834870403 0.349233314 -0.364009272 -0.220283346
29.405251284 -25.627235650 10.547257321 -0.357129780 -0.093303166 0.114136399 0.922347940
38.279207918 -18.919513341 9.362505549 0.034285649 -0.668095926 0.698056330 -0.255322713
27.718299684 -32.675238793 9.782942278 -0.060417635 -0.884454828 -0.139868460 -0.441051223
34.632203545 -17.869744424 10.143416081 -0.604501677 0.516940492 -0.575373937 -0.190512682
27.123865982 -19.361376448 13.091734391 -0.568037758 0.541865112 -0.516925003 0.341326597
33.211533981 -32.888379902 14.182617550 0.428405783 0.304537208 -0.847476925 -0.074218831
34.457411540 -29.698040855 13.436669874 -0.533373946 0.288287243 -0.751125937 0.261175279
32.386875644 -24.882408409 0.259160768 -0.510202299 -0.159794378 0.794268787 -0.288611270
37.171622350 -28.694875221 11.922830748 -0.795568867 -0.508647453 0.015627092 -0.328791332
28.691349082 -25.043012328 10.849549975 0.602835660 -0.270685761 -0.486128960 -0.571836533
25.282798495 -27.634980704 16.202324913 0.106838355 0.828916545 -0.390547955 0.385947175
31.212299333 -19.461839612 16.501645894 0.718766992 0.463596659 -0.506124060 0.110862909
30.056726348 -21.007731646 9.264087392 -0.486778951 -0.178588647 -0.273699074 0.810087134
29.143144790 -21.741690930 1.423685378 -0.219786535 0.057787898 -0.962115068 0.150628797
30.637935314 -21.566856464 13.871087642 0.492976263 0.298614811 -0.772685125 0.266009954
34.792707345 -18.404189993 11.844336389 -0.548340663 0.298513434 -0.325276800 0.710216341
32.801213200 -27.533273675 15.645397376 0.176383432 0.390261935 0.449865367 -0.783712740
29.103239113 -29.945453045 10.932617726 -0.732655840 0.438802481 0.424849404 0.300284511
32.090240377 -27.536818135 0.556359893 -0.037611560 -0.084167251 -0.891827413 0.442882728
34.295858714 -22.006906367 1.995446958 -0.689734825 -0.317894414 -0.237738039 0.605549037
26.309152870 -19.793601511 4.927206504 0.091112177 -0.692421558 -0.675986637 0.235144687
