-19.967412608 -34.840753772 -10.010456233 -0.059305251 -0.038301688 0.881752848 0.466398738
-15.670096295 -26.697247950 -13.315491821 -0.257377443 0.029106310 -0.691263734 -0.674584409
-15.116784609 -27.190229910 -4.704942569 0.671383110 -0.267215651 0.253268939 -0.643191542
-18.003821064 -28.579313126 -12.458624985 0.067688449 -0.857473598 -0.483733183 0.161739021
-19.661114944 -27.187689484 -7.206957459 0.393150586 0.691937724 -0.605000219 -0.025090602
-26.341388120 -37.556662795 -7.323371160 -0.768932634 -0.195641364 0.118518630 0.597009544
-12.306025539 -35.870849143 -3.565999020 0.221070554 -0.006958101 0.399002332 0.889874448
-21.841649950 -31.865392847 -5.762069382 -0.212601273 0.295461571 0.752295753 -0.549139562
-13.755778003 -32.131061858 -6.194725642 -0.153340038 -0.827212092 -0.305825142 0.445733071
-22.140857913 -24.151382225 -11.612353653 -0.112783476 0.005282081 -0.487459602 0.865814717
-24.322361975 -35.528317216 -11.897150988 0.335215337 -0.844162471 0.373307860 0.188842903
-21.516883183 -27.391081461 -14.797527373 0.297607974 -0.423077500 0.020896546 -0.855568967
-23.458951254 -37.059711869 -14.269230049 0.822894827 -0.456503892 0.282762909 0.185724090
-24.300312794 -34.109241509 -0.976663175 -0.650063453 0.265593852 -0.229655215 -0.673896057
-22.860532836 -36.746053633 -12.488753867 0.582069604 0.713420880 0.388228981 0.038779935
-13.101689896 -29.254433986 -10.361481210 -0.226729473 0.829698356 0.433899719 -0.268189144
-21.828637586 -27.310620976 -6.569833023 -0.930136446 -0.332587630 -0.105843397 0.114143922
-22.000961405 -30.924570565 -3.026738361 0.319371797 0.835831213 0.308837044 0.322501969
-22.617095361 -30.313440108 1.722971211 -0.446811535 0.437267977 -0.345085667 0.700051463
-15.564391392 -31.004653801 -8.458439565 -0.135161185 -0.711216244 -0.405482687 0.558109935
-12.846085317 -32.474800406 -9.218222502 0.055871764 0.596989413 0.242530633 -0.762666951
-25.520491823 -29.001378275 -8.196593845 0.269020261 0.088411909 -0.139534150 -0.948863349
-19.081029244 -32.117698114 -10.248845567 0.758604670 -0.431848820 -0.129537964 -0.470367375
-25.762022557 -31.823863192 -13.680129493 0.717214316 -0.161361931 -0.190238742 0.650672861
-21.972235351 -31.094275715 -0.850029022 0.098315842 -0.800674343 -0.416223202 0.419538840
-25.560999280 -26.234441200 -2.449919266 0.062518557 0.202520441 -0.842060943 0.495994222
-17.547049615 -29.853830207 -9.224769574 -0.133964788 0.125774606 0.753843940 -0.630835556
-14.717887104 -37.102599290 -7.329560754 -0.260203686 -0.830500911 -0.432231660 -0.236089115
-21.507797176 -27.997287081 -0.527253777 0.415801294 -0.767334318 -0.396640164 -0.284576718
-22.561256991 -24.260281942 -3.561068899 -0.448388374 0.699313437 -0.393910890 -0.393373607
-13.167993560 -27.976657170 -8.599374469 -0.414235838 0.681111135 0.577917577 -0.174664154
-23.375386157 -24.573979154 -4.365779689 0.984225925 0.041621641 -0.153800318 0.076892320
-28.455447309 -29.452130322 -8.745072043 -0.648005212 0.716621290 -0.250728516 -0.060649675
-19.078755178 -30.145602450 -4.637365028 0.416306785 0.572110657 -0.171140518 -0.685630353
-26.332076118 -35.797734724 -2.072699137 -0.502559744 0.350601054 -0.503835387 0.608820587
-19.402062800 -28.620363481 1.311447762 -0.460214588 -0.534145628 -0.649025079 0.285757638
-28.286748567 -30.043654627 -8.683790691 0.294491313 -0.882989295 0.247710395 -0.268783058
-14.691198815 -39.961670659 -5.627322016 0.725163775 -0.444598359 0.283365476 -0.442915123
-17.075169329 -30.744267536 -2.271455798 -0.411585917 0.220362963 -0.884035106 0.022784404
-20.082067171 -35.760417125 -0.931493649 -0.477433181 -0.871501527 0.067169850 -0.089615048
-18.963816789 -36.231390666 -12.216706767 -0.068468489 0.889876207 -0.349767084 0.284772523
-17.872084170 -26.080309170 -12.648131864 0.916282150 0.314826235 -0.127744207 0.212115252
-24.230799554 -39.986002761 -9.313864267 0.531682899 0.486893757 0.313928152 0.617816218
-16.058412130 -25.792993587 -9.104769084 -0.271180088 -0.535465105 0.505198636 -0.620090977
-20.424185055 -40.227306653 -2.675703099 0.408954700 0.511730405 0.521760993 0.546492005
-15.420419642 -32.391808274 -10.098755051 0.492236054 -0.331020176 0.180715552 0.784519725
-27.614828293 -31.494105191 -10.368962550 -0.918654934 -0.044300869 0.205754030 -0.334328916
-27.956091659 -36.332316823 -8.749443852 -0.279422405 0.036941072 -0.108351647 -0.953319672
-22.175224541 -26.402671675 -13.081418834 -0.308854304 0.071573282 -0.657563350 0.683444749
-21.554301978 -31.822902891 -2.707477608 0.091101028 -0.523868760 0.280393908 -0.799150412
-21.945176431 -25.791925130 -1.669946370 -0.029584951 -0.370854127 -0.083917895 0.924418593
-16.836865555 -27.936444894 -4.271864866 0.043451615 -0.975786131 -0.197152222 -0.084168794
-18.302072565 -30.773665301 -13.655735509 -0.218068131 -0.260194073 0.713999948 0.612331126
-21.242875243 -25.946606894 -12.995115436 -0.738646318 -0.551337182 -0.387074679 -0.024538179
-18.195877522 -30.723800349 -1.311872263 0.766519093 -0.060123462 -0.638824307 0.027150579
-23.121935472 -23.902602613 -4.216786326 0.104050053 -0.546871297 -0.183565122 0.810190852
-23.711231057 -30.898357766 -15.713772404 0.617765766 -0.223453692 0.233190767 0.716976968
-19.251437988 -33.604975238 -14.063864460 -0.214156252 -0.161586920 -0.185685033 -0.945276592
-16.460860067 -34.093257688 0.102477309 -0.507691605 0.643075141 -0.343447173 -0.459072583
-21.016538159 -28.674806197 -9.195908696 0.409811030 0.181387076 -0.765168720 0.462245041
-21.553042820 -28.356142854 -7.765247046 -0.115667284 -0.024611691 -0.794399227 -0.595772785
-25.372215692 -37.552862512 -7.633195704 -0.257849040 0.559260333 -0.088113648 0.782928948
-16.151258292 -33.518932081 -4.896474082 0.214676744 -0.547701533 -0.504865190 -0.631702514
-19.997754293 -28.558058329 0.811874691 -0.405790216 -0.078882383 -0.052357869 -0.909049242
-20.452803755 -33.385253601 -6.276294851 -0.017911938 0.631014878 -0.449614556 -0.631938396
-20.725777784 -27.965668213 -7.682193441 -0.884050858 0.460837296 0.037984039 0.068119597
-23.667587218 -27.700961629 -2.866848856 -0.277204248 0.405234748 0.447629876 -0.747375473
-17.345946439 -31.806158058 -4.842959990 0.810906233 -0.285825978 -0.438861040 -0.261027928
-16.042531865 -34.630865578 -4.154605082 -0.630163688 -0.503710049 0.455232984 -0.376739755
-16.105171879 -26.356891273 -9.724365178 0.424965802 -0.586430879 -0.615803542 -0.310304511
-13.629937224 -25.324400699 -10.102672844 0.606868702 0.319639640 -0.256480131 -0.680998400
-12.654907433 -33.999821504 -12.460371167 0.719937331 -0.048460538 0.058226017 -0.689892417
-21.651263296 -38.353778057 -3.566013035 0.526761494 0.676174233 -0.438972861 0.269469038
-19.090261196 -28.417040353 -1.191492834 -0.633240615 -0.400359801 0.614421028 -0.247396756
-27.994216310 -35.895497947 -3.276306461 -0.589549352 -0.694806321 0.009089571 -0.411816851
-20.315333622 -23.195234833 -4.599159378 0.359348689 0.776922883 -0.443645217 -0.265402101
-26.335672118 -28.978507230 -10.140091112 0.329684060 -0.125887529 -0.474121549 0.806640879
-20.259728144 -36.707696270 -15.069736165 0.057623503 0.953313286 0.104023722 -0.277583096
-13.918774256 -29.662592015 0.268656582 -0.292517897 -0.505813713 0.724640656 -0.365351456
-27.837569572 -36.793103379 -7.371332046 -0.637920676 -0.305146788 0.472698064 -0.525831902
-16.823593730 -33.934955211 -1.247804713 -0.548492293 -0.582154376 -0.565365612 0.201529680
-22.140248071 -30.020517547 -5.784091252 0.427733187 0.265999079 -0.831454277 0.234462354
-17.955349721 -36.258467309 -7.987402854 -0.913924079 0.004860082 0.387457160 0.120814351
-24.686693425 -25.345577691 -2.532668960 0.917681105 -0.009935750 0.154418720 0.365947440
-16.946856234 -34.687860356 -11.806680837 0.777273057 0.477511305 -0.327772321 -0.245753645
-21.928123750 -37.297259530 -4.630777941 -0.270721287 -0.162421563 0.773315362 -0.549829584
-14.668828340 -34.792563285 -2.823254088 0.878342789 -0.413467785 -0.006488974 0.239825413
-14.191060264 -35.283305085 -7.336457554 -0.485095929 -0.312001259 0.816295287 -0.031609461
-18.931584253 -28.003560965 -12.522334783 -0.806737315 0.218814085 -0.220981467 0.502456457
-25.932600904 -26.857201123 -9.985251857 0.592011201 -0.462234053 0.032269085 0.659409679
-21.634774920 -31.944639270 -3.776863004 -0.434747752 -0.390257000 -0.324110431 0.744074119
-23.179648323 -35.458875284 -8.727322028 -0.593220917 0.776990264 -0.108872388 0.180338228
-21.082391863 -32.182380825 -4.161554632 -0.158781739 0.322128875 0.924989617 0.124159394
-11.349971505 -28.054834281 -10.359663217 0.101532501 -0.468148093 -0.276848028 0.832996809
-21.204421209 -23.300386848 -9.556752967 0.240402834 -0.616579674 -0.003336990 0.749683165
-18.801561233 -38.170089874 -5.886509162 0.413835479 -0.889294092 0.153496816 -0.119728617
-19.247815569 -33.941629465 -1.245332137 0.798329731 -0.275756596 0.424442919 -0.326306832
-19.351605293 -25.583598597 -1.609336270 0.791840861 -0.190709695 -0.553037171 -0.175407384
-19.195250070 -28.709842537 -15.217536278 0.111826644 0.704045985 -0.147181242 -0.685676115
-27.972395243 -29.020798420 -6.840690703 -0.238168741 -0.246655363 -0.143452658 0.928363139
-21.548673220 -37.290744419 -6.902980009 -0.324878434 -0.473239561 -0.253503341 0.778610542
-23.883471698 -31.519990150 -2.142972031 -0.304672565 0.181277459 -0.467314062 0.809895474
-18.553931377 -37.838776155 -1.103554651 -0.340195096 0.534667696 -0.718972513 0.285440497
-18.657903120 -35.409709276 -7.149738519 0.719847956 -0.215368784 -0.303573818 -0.585899431
-24.546429869 -38.166068234 -1.150769058 -0.573109758 -0.548199308 -0.557131252 0.246226505
-22.954365084 -36.124026415 -11.962661669 0.724880473 0.156790347 0.615210534 -0.267359470
-20.250024365 -29.182651904 -12.978501155 -0.250950815 0.375719254 0.748520424 -0.485361623
-19.685955169 -32.716857786 2.628324245 -0.575579834 0.375392584 -0.712316098 -0.142807704
-21.543523009 -39.144534780 -3.186532546 -0.842363681 0.137011820 0.502439707 0.138584023
-19.335776584 -29.019877711 0.023164387 -0.682645159 -0.117044110 0.461101451 0.554690648
-22.797595555 -29.668959523 -14.627317444 0.773086188 0.344280501 0.010339871 0.532636620
-20.594480458 -38.541179886 -4.905456115 0.432854672 -0.807648590 0.377417383 -0.133778575
-22.652625074 -33.401025324 -12.138626430 -0.203406562 0.529528430 0.797693033 0.204722342
-19.024949079 -29.551224373 -15.137575179 -0.572111872 0.465362002 -0.320800437 -0.594317501
-26.176377220 -33.578559018 -5.734006624 -0.072923554 0.485315602 -0.806949806 0.328607566
-18.046771612 -30.219950336 2.435316113 0.723681685 -0.241603941 0.107950656 -0.637384508
-18.841389735 -27.149549421 -12.154554226 0.251982568 -0.171838835 -0.852437774 0.424648139
-27.285126560 -28.756669284 -2.742817302 0.165979801 -0.462644941 -0.626555221 -0.604846194
-12.441956151 -28.367150708 -8.513554932 -0.893001653 0.361542008 -0.130452498 -0.234131523
-19.180072829 -28.736448974 -14.650428796 0.334334045 -0.007536245 0.942355833 -0.011376951
-28.854188173 -34.300314195 -10.262994229 0.953633380 -0.074794353 -0.283147531 0.069402134
-17.858665354 -24.712678353 -5.830938005 0.083175375 -0.878949900 0.464064665 -0.071922990
-19.217671901 -32.233856250 -14.628865600 -0.704145532 0.318659702 0.540458457 0.332475143
-15.255508634 -31.713546272 -0.055368264 0.497448119 -0.581269889 0.254784772 -0.591401222
-23.795739581 -37.238259144 -5.390152205 -0.414252764 -0.041602961 -0.597811915 0.685043616
-23.728808059 -31.328948003 -8.190769330 0.096277992 -0.406335492 -0.061826220 -0.906531596
-14.880819298 -36.013805957 -11.100225901 0.295025999 -0.818858643 0.114995373 0.478754893
-22.504439806 -39.562621999 -7.346711915 0.056259948 0.674068787 -0.153143989 -0.720425574
-29.291423246 -32.554682914 -9.540402027 0.188362406 0.419439694 0.609814412 0.645535693
-26.171953524 -37.116649321 -10.480007023 0.354373767 -0.174863108 0.157632103 0.904983009
-15.981897842 -26.762710571 -6.163928754 0.797996580 0.109527206 -0.159196889 0.570842886
-25.366580976 -35.645361001 -8.676604230 0.446760873 0.642854872 0.622049983 0.014005548
-23.440876931 -32.704856120 -10.941400885 -0.511046479 -0.076525818 -0.732653161 0.442938642
-20.406653096 -32.812190305 -12.022536877 0.050166605 0.686078482 -0.528612845 0.497341019
-21.035895632 -40.283721864 -7.052235102 -0.897429812 -0.343212035 -0.017528428 0.276618846
-20.249119410 -34.047812851 0.518421642 0.732831161 0.176606606 -0.379361283 0.536519909
-23.156945753 -40.142610318 -5.508808270 -0.385509533 -0.431661039 -0.529531333 -0.620199738
-25.657696033 -30.289801102 -3.048328789 -0.868865595 -0.370871934 0.312375921 0.099739012
-24.931446217 -30.699664031 -0.219196720 0.742492939 -0.202807723 0.011038089 0.638319217
-21.128949310 -31.054724974 -1.322667996 -0.707921870 0.258594496 -0.013266345 0.657114538
-20.280101760 -34.491639660 -3.766966507 -0.099805587 0.056599799 0.877643427 0.465378688
-22.662802554 -32.141975777 -15.650864721 -0.666797360 0.011481552 -0.521906172 0.531849041
-13.062764755 -30.523160521 -8.449687321 -0.225133757 -0.466059650 0.237804010 0.821919976
-25.646828127 -33.788070700 -9.988123484 0.784081765 -0.080325928 0.281111966 0.547484788
-21.178430182 -31.331808233 -11.114161346 0.666075682 0.536801618 0.058202851 -0.514586861
-28.219733842 -34.863179852 -8.437336775 -0.562377451 0.139107108 0.799325707 0.159559486
-20.352443363 -35.649531899 1.488146524 -0.421099261 0.660856748 0.500139512 0.368516267
-18.693147018 -24.258782628 -13.302851753 0.611340828 0.298377125 0.521437389 0.515108273
-13.721602421 -36.504507118 -5.049148925 0.239256966 0.411147330 -0.076390180 0.876286778
-16.228464573 -31.408911815 1.986491524 -0.482698347 -0.697673202 0.336567174 -0.408628127
-23.736598011 -30.693705442 -14.210090280 -0.342652702 -0.902739682 0.096694026 -0.241454878
-27.476842076 -28.656979771 -6.653120329 0.041812199 -0.482885037 -0.861541568 0.151062593
-16.145130522 -37.140461687 -12.834225669 -0.277116104 0.311488895 -0.403223041 -0.814611879
-22.001501730 -27.275037889 1.618562503 -0.540907641 0.576976266 0.515548264 0.329738230
-16.521774624 -26.729057481 0.069102906 -0.633108917 -0.489856440 -0.171339564 0.574331369
-23.858410612 -33.828231278 -13.286467823 -0.771025177 0.296581208 -0.448511228 -0.341170692
-17.327097510 -38.279113128 -9.225655215 0.058821864 0.722888622 0.177762088 -0.665111019
-25.238556465 -29.301933331 -7.030077334 0.249226714 0.352213577 -0.007313782 0.902096530
-15.591293273 -31.616023117 -12.851447206 0.543711153 0.753516057 -0.363289945 -0.067912810
-21.829452399 -33.322255838 -8.585822218 0.291421978 0.082401447 0.069126548 0.950528670
-15.852885951 -33.287983720 -12.301017135 0.265317927 0.574574361 0.005998970 0.774231693
-23.542377365 -35.229594120 -6.681313448 0.477405513 -0.373900858 -0.091532005 0.789875950
-19.798779163 -38.359250676 -13.994727669 0.072526784 0.379232823 0.784590898 0.485117980
-26.679994706 -34.045607931 -11.678479400 0.743377468 -0.143810519 0.268756988 -0.595380682
-18.276847764 -22.678827014 -10.672580299 -0.628717345 0.274648589 0.166186500 -0.708282924
-20.400822101 -30.734143909 0.207913412 -0.429049732 -0.858159540 0.211581348 -0.186311204
-17.788862010 -40.086463287 -9.648427120 -0.294513114 0.326827417 -0.708989423 0.551162284
-16.247087890 -27.498535833 -9.813368385 -0.105261554 0.346836111 0.805448920 -0.468910178
-28.052277838 -33.306244281 -1.174968392 0.851481593 -0.096800335 -0.514514478 0.029726152
-21.188118447 -41.036559108 -4.912617820 0.203798126 0.247097904 -0.901932644 -0.289700632
-23.527988580 -39.674006160 -4.168479732 0.021015236 -0.751227393 0.181639275 0.634210484
-27.151546337 -28.659748939 -8.199580100 0.129540523 0.334166993 0.712641823 -0.603069901
-12.307207144 -27.680782641 -3.396912448 0.311387939 -0.550819809 0.292392891 0.717036601
-11.424532362 -34.708848495 -6.160977326 -0.933435559 -0.172891221 -0.126518383 -0.287749512
-19.603118612 -39.462782707 -9.811760798 0.668081756 0.317527232 -0.483259634 0.468298356
-27.567709974 -34.170234683 -8.520173507 0.604637576 -0.159902356 -0.722847924 -0.293829062
-15.572411731 -26.806481950 0.346021563 -0.874199709 0.130878856 0.348078771 0.312228704
-21.859849829 -39.836609728 -5.376187861 0.122474167 -0.532740000 -0.213273525 -0.809754638
-15.090130004 -38.677239986 -5.139864671 0.772938232 0.265442058 0.075948833 -0.571260691
-23.889972398 -33.881026880 -1.521949174 0.013767827 0.716293943 -0.679744754 -0.157100299
-20.339845090 -28.366283318 -9.414695085 -0.019250792 0.916083939 -0.114608021 0.383776791
-27.531447023 -30.131295068 -6.085455772 -0.266020784 -0.609803248 -0.491858133 -0.561648037
-20.085411141 -37.054852286 0.077017393 -0.741220413 -0.663775557 -0.022920383 -0.097308605
-12.580519044 -30.040284248 -10.780033406 0.058573791 0.570053204 -0.256712505 -0.778271897
-23.162181267 -33.956250121 0.448544083 0.279401936 0.916381618 -0.270023693 0.096262633
-13.574323676 -28.541273182 -7.478367623 0.586344876 -0.108165261 0.147168133 -0.789203081
-22.358799879 -27.127813995 -4.828322820 -0.525470134 -0.491232444 0.652617573 0.238038082
-17.675370836 -29.833524643 -6.972366546 0.059201551 -0.530820752 -0.728686468 0.428649667
-21.169594604 -22.759964474 -10.285757270 -0.688920260 0.214081795 0.690273451 0.055501558
-21.573104805 -40.821337191 -7.761610805 -0.823786570 -0.544010686 0.146616254 0.062703548
-18.513661785 -38.741078785 -5.272051784 -0.013038364 0.137153427 0.901265748 0.410778516
-26.463107526 -30.007711052 -13.140362874 0.455129145 -0.239158498 0.837302048 0.185972992
-17.411301805 -40.718653398 -5.977599517 -0.833718062 -0.377440967 0.402212609 0.026029359
-21.532574984 -33.294345566 -0.061349458 -0.965498316 0.020046432 0.197349679 -0.168713507
-13.804969592 -34.465442296 -13.676949945 0.242184680 -0.472723684 0.664176879 -0.526068410
-19.185780557 -22.507180829 -5.817594161 -0.454450229 -0.777990890 0.400574432 0.166569171
-20.719562680 -26.300735986 -13.554868279 0.750628181 -0.067823367 0.410656007 0.513146147
-23.514353738 -29.190990125 -7.665703378 0.801886394 -0.466541573 -0.367983411 0.062493038
-21.228155524 -32.456674768 -2.733605361 -0.688088919 -0.036946411 -0.724673545 -0.004105555
-13.992367421 -26.787505498 -8.637836369 0.851870846 0.142205706 0.368073209 -0.344406316
