-16.328453135 -23.642804974 -12.796886310 -0.757739962 0.434834570 -0.334190029 0.353646817
-15.059910001 -12.822637861 -19.238151160 -0.368292404 0.852388198 -0.371139026 -0.007133657
-23.300411391 -15.571727563 -15.767018668 0.858696103 0.494085013 0.135826151 0.008500552
-22.316677329 -18.100371825 -18.260634454 0.332686929 -0.231969054 -0.626305169 -0.665771432
-9.323292922 -17.991387511 -19.895044140 0.219000744 0.396305173 0.148211292 -0.879212316
-14.307220359 -15.474291396 -26.991538781 0.050156303 -0.386415316 0.472191977 0.790697341
-9.940749767 -19.886356301 -24.957253904 0.285448439 -0.916769363 -0.064559158 -0.271818392
-20.682437011 -11.477109260 -12.414849439 -0.006164481 -0.396979799 0.713930522 -0.576777468
-17.549167679 -8.686222774 -16.826321021 -0.103016951 -0.731255040 -0.253087597 0.624980194
-10.322838736 -11.946617973 -22.724816645 0.226724840 -0.161646216 -0.291836548 0.915039768
-18.716487297 -13.681730547 -27.527969985 -0.597044509 0.515278218 0.523532811 0.322396662
-17.305040100 -13.300951136 -24.413689647 0.080061301 -0.046660209 0.527518887 -0.844474296
-11.384815431 -22.838339476 -17.208954050 0.461965760 0.076155987 0.845082577 -0.258114974
-16.490948687 -18.179581306 -14.098880769 0.642951223 0.558167510 0.468299904 -0.236131225
-12.066373234 -20.556648802 -25.567811967 -0.587048635 -0.692661117 0.414784899 0.059564802
-14.073307975 -25.467754696 -20.613923660 0.394959271 -0.598615592 -0.351813320 0.601576209
-7.855345766 -12.175450147 -20.993528420 0.280648386 -0.690915247 -0.431976504 0.507216822
-10.606669377 -18.098714504 -20.490673662 -0.124821122 -0.884466340 -0.086394233 -0.441219919
-9.822602605 -12.295278776 -24.807579110 0.837299861 0.334164277 -0.347428617 0.257985531
-23.226796760 -11.148662320 -22.582463385 0.207315874 -0.838969916 -0.500772295 -0.048751588
-15.848314677 -18.267882405 -10.577643035 0.653844575 0.326590240 -0.117103804 0.672393327
-16.353053349 -10.221767114 -21.989282695 -0.021806605 0.863904389 -0.380351481 -0.329433499
-13.158739407 -12.622565274 -24.721303449 0.139268686 0.668723021 -0.699985229 -0.208409293
-21.614051315 -18.642072428 -15.295099620 0.653796546 -0.591148038 -0.016803692 0.472029353
-21.210560572 -11.709411221 -13.009752444 0.812236318 0.242322244 -0.513189140 0.134866600
-15.064606710 -8.838146281 -15.619343851 -0.298667132 -0.469243247 0.181000714 -0.811077962
-18.959428162 -12.433125612 -16.961181867 0.521276802 -0.603169694 -0.070406566 0.599582965
-14.650138687 -14.777356744 -19.443204613 0.336314190 0.766632864 0.177122527 -0.517488578
-19.513782295 -20.990450671 -14.101707143 -0.250748372 0.596534841 -0.364325391 -0.669730130
-16.489015083 -11.702267907 -27.472552725 0.074111963 0.154405940 0.916790604 0.360778618
-18.051099530 -11.737259416 -21.834048227 0.073210385 0.936195224 0.329440439 0.098222908
-20.898261405 -22.673171766 -19.833673977 -0.514803850 -0.826007821 -0.115213466 0.198529426
-18.725370333 -8.217481104 -21.917513640 0.130904803 0.565162523 0.713417095 0.393053819
-13.521907130 -13.046840551 -24.738012595 -0.387638058 0.274497724 -0.828578913 -0.296386103
-14.196133005 -7.583922285 -20.356582567 -0.263452373 0.800355702 0.503628402 -0.190740742
-22.725100324 -15.049647847 -23.055544888 0.017091727 -0.122977822 -0.070790633 0.989733810
-9.289255661 -18.024239087 -22.838884799 0.888770540 0.346613280 -0.204190481 0.219664308
-22.410917703 -13.225298802 -15.278722882 0.367236568 -0.256113271 -0.286454333 0.847046168
-17.329549956 -12.182417364 -18.236742141 -0.069044634 0.787048166 -0.242108446 0.563179832
-20.101383490 -19.546604649 -20.827911101 -0.376643878 -0.024850887 0.004666189 0.926012985
-16.792250013 -22.567197153 -17.541984137 -0.386882776 -0.247064185 -0.311691759 0.831943059
-16.336328488 -12.321052005 -14.639687486 -0.425325265 0.157633464 -0.890988748 -0.019727169
-13.992289813 -20.119324291 -26.848980444 0.175610254 0.345382082 -0.171947744 -0.905707585
-15.796215097 -9.828078091 -19.017418600 -0.134335969 0.319181936 -0.073074427 0.935273686
-25.020190413 -15.248665988 -18.679902937 0.163044846 0.673514952 -0.718907299 0.054463589
-15.466138948 -10.250670632 -25.385694475 0.027736114 -0.326967981 0.908277276 0.259528491
-12.353725917 -15.685325969 -17.177707539 -0.987989130 0.078264798 -0.077519407 0.108364397
-13.881283585 -24.069844983 -23.817026139 0.248267024 0.304034200 0.324797038 -0.860484500
-15.592473454 -19.396524340 -21.660646914 0.217880542 0.863927148 -0.424386222 -0.161413408
-13.461547194 -14.408899157 -18.956659199 0.086169616 -0.832412295 -0.218557294 0.501893691
-14.511445787 -16.277307824 -14.595660952 0.119476460 -0.987980821 0.009848500 0.097582171
-24.078258099 -15.033105347 -15.671045495 0.386941509 0.864708054 -0.128309897 -0.293415781
-16.627100729 -6.913292210 -16.949801779 0.320001337 -0.427025366 -0.845579687 0.015603647
-16.587617976 -19.742051213 -14.844035356 -0.676584074 0.499662956 -0.519998822 -0.148903144
-16.743320693 -14.729022598 -23.713117198 -0.873904758 -0.357597040 0.211062982 0.252719703
-21.419394390 -9.115479821 -13.791939347 0.090220338 0.081410732 0.771690532 -0.624280631
-16.475973567 -8.593939545 -18.361781809 0.403735305 0.509492906 0.212301956 0.729618161
-10.869369400 -11.807961069 -19.803595627 -0.549105591 -0.602420651 -0.574448930 -0.074704995
-24.036910672 -17.134121375 -17.635011226 -0.425371731 0.048450673 -0.529887685 -0.732072718
-16.759243535 -17.026695899 -21.423145992 0.319065463 -0.760021935 0.227712855 -0.518373170
-20.035502221 -13.798752827 -10.428876346 0.138124211 -0.504319832 0.403044984 0.751091173
-10.968882740 -16.827165524 -15.603433643 -0.058934045 -0.525164820 -0.175394594 -0.830641576
-12.605954952 -17.129706642 -17.273556295 -0.755177531 -0.007975861 0.610051673 -0.239750370
-24.141362131 -15.386015801 -19.337636946 -0.326778079 -0.816061130 0.451919815 -0.151752428
-14.455471116 -14.741108608 -18.126578276 -0.568407453 -0.787161783 0.234379854 0.048532242
-7.830957274 -15.879770863 -21.853949382 0.731870527 -0.366043005 -0.539793926 0.197485614
-23.583128404 -11.884118604 -22.608988713 -0.130647113 -0.836360040 0.331487887 -0.416592123
-22.355525658 -15.735159676 -11.655571933 0.332639877 0.128203026 -0.339441465 0.870456311
-16.941334428 -20.108014927 -14.087397746 -0.170401277 -0.871858859 0.151327491 0.433503778
-24.341444411 -10.684315410 -22.520354368 -0.758841245 0.524961922 0.235822143 0.304898117
-21.877275349 -11.901611894 -21.452037830 0.482422125 0.612005043 -0.116959836 0.615661529
-16.268692559 -21.848983656 -25.608165458 -0.505705923 0.068969897 -0.470460743 -0.719841206
-18.407999228 -14.687763003 -12.645485148 0.029861419 0.327213568 -0.900045930 0.286281156
-10.043791027 -13.442323637 -17.735860775 0.423036164 0.178841448 0.191986800 0.867293035
-22.128759633 -17.151875891 -15.446341645 0.282383905 0.933822453 0.036794646 -0.216520464
-23.297707327 -23.113737224 -18.314920820 -0.159335681 -0.594316729 -0.269822710 -0.740672310
-18.704630505 -9.164398574 -23.838838329 0.306658600 0.059679530 0.700449543 0.641692523
-16.575517032 -17.940153753 -26.987357021 -0.321856355 0.269726236 -0.109563008 -0.900917417
-18.453340156 -17.976433300 -27.412253420 -0.430228198 0.538582033 0.221613640 -0.689724935
-12.296645210 -18.818250862 -24.062624461 -0.727344674 0.030489026 -0.651494470 0.213530091
-19.218513485 -15.362573179 -27.197358515 -0.681547651 0.728598260 0.035260740 0.058258524
-14.334661238 -13.756819046 -14.996424789 -0.060686547 0.318813944 0.938962574 0.114123162
-13.079525455 -15.046151897 -28.004758808 0.640856753 0.286100704 0.375311010 -0.605467303
-18.592411616 -20.757872345 -27.585299998 -0.070476988 0.612426954 -0.784551550 0.066671477
-21.089294826 -10.533048470 -14.150629778 -0.175184270 -0.913862213 -0.201529160 0.305863246
-11.123556763 -16.048715439 -17.203214479 0.644876884 0.631834987 -0.082497043 0.422033875
-23.433156770 -9.601433413 -17.016208771 -0.218863976 -0.737501600 0.557575722 0.311928299
-14.132044146 -18.292278181 -10.342613337 -0.018795289 -0.477987697 0.551510875 -0.683381484
-18.063845394 -6.833944209 -17.384021480 -0.397112074 -0.336437670 0.656132682 0.546444506
-22.735890123 -10.686994634 -15.890760995 0.026513958 -0.737027410 -0.366489182 0.567250639
-21.580276726 -7.701273480 -19.407107168 -0.416043939 -0.103206808 0.413459496 -0.803310053
-11.701584998 -14.115754555 -14.437181606 0.528862003 0.158241874 0.675960135 0.488203223
-16.538759168 -19.512336665 -25.171664755 -0.575946566 0.689799155 -0.149609710 0.412407098
-14.214313334 -12.702352254 -20.555563030 0.461352275 0.839019743 -0.125222149 -0.259844881
-13.909290469 -22.810174906 -18.061609994 0.806237120 -0.343850810 -0.396965728 -0.272335340
-23.794022271 -16.655770844 -23.227928646 0.229453235 0.387399760 0.090779044 0.888274622
-22.092320750 -12.163367620 -24.372900449 0.088956727 0.308712120 0.224332216 -0.920031839
-21.396292246 -21.931227409 -17.611663500 0.210321925 0.319473151 0.137212893 -0.913714515
-8.448532110 -15.676319597 -17.124871475 0.451754992 -0.488451203 0.272482818 -0.695043858
-16.724159778 -15.863750255 -19.436651814 0.290328109 -0.194510691 0.935553086 0.051142969
-21.432184051 -23.602646407 -22.045559093 0.472213734 -0.659265824 -0.560863480 -0.166778057
-17.765394267 -16.397009154 -12.005215731 0.158675592 -0.127028834 0.979107613 -0.005832105
-23.553643524 -10.161224161 -21.238687004 0.514994807 0.404621640 0.337045974 0.676359141
-9.812865615 -12.107905986 -16.064181355 0.674329207 0.554035986 0.379062692 0.307629196
-22.283159908 -11.065281829 -24.677422221 0.295453125 0.789916649 0.424140384 0.329915252
-19.684210923 -9.289391759 -19.423784574 0.596332937 0.686681879 0.157218274 0.384886268
-19.644316143 -13.597602328 -26.529863561 -0.690232875 -0.046438093 0.203805046 0.692737746
-24.529985046 -18.064380865 -24.714782667 -0.659294469 0.204536930 -0.722840173 0.031583729
-21.478174664 -12.377607954 -18.550379888 -0.447776783 -0.571885716 -0.650248937 0.222753228
-13.905311805 -14.127259236 -21.526289599 -0.394989171 -0.642678483 -0.652670840 0.070488989
-23.703372301 -14.763730533 -22.600634074 -0.880861243 -0.288764961 -0.339833045 0.158782146
-14.281570845 -18.782434812 -17.404865180 0.842807956 0.201640858 0.316937235 0.385443255
-15.644285257 -13.514107442 -23.646755600 -0.592418287 -0.564039653 0.412641979 0.400782284
-13.311506129 -22.640870441 -23.787596008 -0.444069841 -0.566402766 -0.514472463 0.466163027
-19.866116100 -10.874048401 -26.851510200 -0.414422330 0.093399679 -0.890737681 -0.161607598
-19.244626801 -12.296659177 -15.835208583 -0.496145096 0.079862969 0.648826669 -0.571389450
-18.859967122 -12.055971211 -14.728233423 -0.435892941 0.875526061 -0.150847996 0.143862237
-9.385906299 -18.316455145 -17.839061934 -0.545586966 -0.778710353 0.303299907 -0.062882546
-13.301305120 -10.653610045 -11.842305219 -0.329674993 0.605497345 0.226557742 0.688010868
-24.473288685 -14.227907831 -21.110695695 0.109542230 0.844617037 0.064961129 -0.520002512
-19.199082551 -13.969154704 -27.753582945 0.103105533 -0.241888103 0.878718397 0.398388469
-13.667932046 -17.865022768 -23.608789701 -0.602273062 -0.297414590 -0.735909151 0.085143650
-22.362951518 -20.152246983 -17.960266885 0.186400578 0.763436472 -0.573715232 0.230803838
-16.916133091 -14.083238740 -10.360148533 -0.010617336 0.822716407 -0.226276450 0.521367388
-22.563322302 -16.689802230 -14.647414549 -0.019479808 0.346321093 -0.528382885 -0.774915327
-16.392451586 -13.247029886 -11.707232981 -0.196397373 -0.797713713 0.565755895 0.070718956
-12.240274307 -12.069331211 -26.631647980 0.193586772 0.331603736 0.180676917 0.905493774
-12.723832817 -17.240768799 -12.228035150 0.833650346 -0.084059945 0.388273243 -0.383672928
-24.385121005 -15.370971427 -23.506541385 -0.086986342 -0.133162868 0.866112431 -0.473867369
-15.443176873 -12.206755469 -16.392241749 -0.461012486 -0.403762435 -0.028632647 0.789698395
-19.032965943 -10.166263791 -13.657057011 -0.618439366 0.088988019 -0.079236165 0.776746750
-22.394488467 -9.708684946 -16.282648004 -0.098212186 -0.583185503 -0.216765318 -0.776699319
-15.814337940 -17.151866350 -24.716857726 0.421196813 -0.158915633 0.018941689 0.892737519
-20.204529808 -8.237467153 -18.977419718 0.431019193 0.090438556 -0.357704535 -0.823462682
-21.221259043 -19.439005504 -11.676970390 0.153909400 -0.831195883 -0.496346283 0.197650368
-17.497914458 -21.178642733 -10.947213621 0.405311680 -0.891962917 0.199876036 0.013197251
-13.336848179 -21.256742904 -13.098274948 0.465420859 0.154809481 0.859887439 -0.141460382
-16.860288081 -24.334635922 -23.438652883 -0.607102305 0.121221112 -0.453298420 0.641289930
-19.594775528 -19.041564252 -20.690112397 0.933382466 0.123166812 0.079095596 -0.327675136
-25.222922620 -16.962019380 -22.526708219 -0.563586643 -0.282410664 0.360470554 -0.687513849
-15.417283377 -9.899382504 -18.727664291 -0.761699095 0.408816675 -0.224961339 -0.449528432
-18.129515231 -11.901810083 -21.009674456 0.177404648 0.270029489 -0.932072399 0.163867964
-21.901157475 -12.664715496 -12.168545050 0.755586678 -0.288925972 -0.129240537 -0.573504523
-16.214682932 -17.415098286 -22.798948508 -0.705160363 0.524795800 -0.474197034 -0.049753432
-11.418643419 -19.019920710 -17.902932767 -0.560701722 0.513475568 -0.637560901 0.124388578
-16.403585331 -23.645958516 -15.646799106 0.413104975 0.642421326 0.506120785 -0.400600638
-17.142232869 -22.640048142 -21.433344512 -0.593900391 -0.467657732 -0.648169735 -0.091948721
-20.655090033 -21.185113132 -18.227298587 -0.562287003 0.090423096 -0.520333166 0.636325693
-15.887507743 -7.587964232 -19.112669368 -0.195868560 0.934630135 0.296782558 -0.004704463
-8.785796786 -18.616159661 -18.788126402 -0.376088303 -0.893734019 0.204750905 -0.133694271
-18.084359209 -23.893157928 -24.586344783 0.324181897 0.560175522 -0.092411162 -0.756683328
-20.622559306 -17.095731638 -21.173251067 -0.496504191 -0.489928777 -0.642874475 -0.316489796
-24.210795913 -18.621183236 -17.392361611 0.538652314 0.060690099 -0.094651371 -0.834991925
-20.060072510 -8.538812901 -14.667848064 -0.090129081 -0.589470278 0.399730599 0.696144373
-14.749629145 -18.132089970 -13.577163521 0.083630186 0.267544819 0.930113643 0.237306494
-24.402579206 -13.653728741 -18.181511410 -0.129872284 0.230434293 0.504224002 -0.822065315
-16.947369374 -15.654804929 -22.958975386 0.437023716 -0.547918639 0.314864220 0.640043717
-18.198678402 -9.606185980 -23.945594354 -0.008370844 0.696084500 0.198659754 -0.689877235
-17.023356173 -23.086914357 -25.411114789 -0.521345798 0.543551659 -0.153322713 -0.639720485
-24.858813196 -17.527575303 -22.380327768 -0.780571469 0.120616624 -0.170668617 -0.589094249
-7.876044949 -14.564743793 -17.193585826 -0.758678024 -0.161114541 -0.453206500 -0.439378685
-21.845907006 -10.618778903 -16.074925921 -0.979529682 -0.161280132 -0.089314126 -0.080828875
-11.758828302 -15.444650343 -24.176694382 0.145512078 0.011194918 -0.448631740 0.881720177
-12.170239011 -20.094860215 -17.688737166 0.548014340 -0.093962238 -0.395402641 -0.731100631
-13.357835488 -21.278811143 -22.844133323 0.354876808 0.330194578 0.194295167 -0.852809111
-14.142719188 -22.396117891 -21.523944646 0.530186886 -0.406146378 -0.653483094 -0.356239852
-10.965660493 -9.010448683 -16.523542680 -0.655258253 0.323672072 0.615166836 -0.295707246
-14.067948230 -16.514334563 -16.178808328 -0.359409256 -0.855418840 -0.193587870 -0.318759049
-11.286420018 -15.815990138 -21.561567401 -0.402019699 -0.840914561 0.035948615 0.360486559
-16.212310246 -18.121405188 -22.205465197 -0.460236455 0.742409644 -0.461827329 0.154031959
-12.727264844 -13.804412981 -14.149661054 0.831731100 -0.227841215 0.253181223 0.438418779
-19.213490158 -17.262885572 -13.863684490 0.509530615 0.676850132 -0.470999771 -0.245787848
-20.018920324 -19.385533168 -26.714041757 0.142161925 0.554113183 0.817179779 0.070468266
-18.615903079 -19.210236925 -21.871530475 -0.705058407 -0.591689522 -0.179183245 -0.347403968
-17.489776759 -12.391722774 -22.525796207 -0.444361138 -0.810445549 -0.225548418 0.307975815
-15.622062929 -23.042425728 -24.112353452 0.004677706 0.891123871 0.367254934 0.266458588
-19.622979850 -7.644966120 -15.295771216 0.774432054 -0.511097575 -0.372207766 -0.022263020
-19.447099366 -22.327539155 -20.272669568 0.335962297 -0.601161922 -0.245415293 0.682279278
-16.704171794 -10.942413966 -10.957921950 -0.591118213 0.656533323 0.070053788 0.463287946
-11.326439605 -19.204869903 -25.932986917 -0.756659686 0.111644209 0.617002283 -0.185229241
-10.530238488 -14.393001643 -17.913063242 -0.100122020 -0.402147313 -0.903124180 0.112338045
-21.299844861 -13.080472487 -11.397915916 0.319494590 -0.485203892 0.805235557 -0.118726943
-9.569042610 -14.967820133 -13.818195350 -0.222698123 0.067597583 0.442881020 -0.865847859
-7.495952052 -15.114779536 -20.252877574 -0.790803813 -0.483676568 0.119860282 0.355414996
-8.540737339 -17.842976977 -15.248467951 0.489764215 0.118720579 0.797056209 0.332772952
-17.470313445 -10.604311033 -16.521247248 -0.102058534 0.840697697 -0.101585190 -0.522007555
-17.361439382 -8.808465450 -18.534239492 0.460568487 0.290789187 -0.398121612 0.738117538
-22.971387737 -15.300061888 -17.264568690 -0.532785000 0.320576109 -0.679943518 -0.388648830
-24.888514229 -17.595915002 -16.416615959 0.275519191 -0.406100157 -0.446526574 0.748188383
-17.436124233 -23.496926255 -23.700730468 -0.502087123 -0.025842475 0.718527926 0.480581218
-25.307879011 -19.453329530 -21.384081348 -0.737856554 -0.377010051 0.448878780 -0.334572816
-14.324090216 -18.980133559 -26.319516941 0.097677579 -0.243641698 -0.196859020 0.944639794
-15.887533219 -24.872054001 -21.936674300 -0.428335792 0.344758351 0.681350981 0.483146944
-19.407446502 -20.742501671 -22.886929072 -0.241108634 -0.190108845 -0.726403655 0.614868265
-18.473205495 -8.169333875 -23.060459421 0.396388275 0.104574727 0.286207077 -0.866040398
-20.987619971 -16.169301859 -10.244134930 -0.324917084 0.155334560 -0.129267524 0.923899329
-20.603869413 -14.157613624 -18.323747691 0.626352879 0.162280332 -0.737982818 -0.191646874
-16.628115135 -15.269928125 -11.027242650 0.742300135 -0.666958762 -0.055325796 0.033099491
-9.196233964 -12.069328603 -19.195190986 -0.306582807 0.056929238 -0.482705403 -0.818389601
-8.724382802 -14.280276603 -22.724171747 -0.405301126 -0.484904410 0.774868914 -0.013299504
