-7.031637657 37.532118452 -2.284377214 -0.495025598 -0.112209616 0.108157762 -0.854786849
-3.307128041 32.797739714 -15.113761064 0.554504333 -0.393420313 0.560386412 -0.472982527
-7.262699026 42.436499200 -9.056715286 0.714481661 -0.345386030 -0.192074231 0.577349059
-15.236496070 39.552439985 -3.833141412 0.213263707 0.132957077 0.503260129 -0.826783073
-15.821345722 29.922769614 -7.604174610 0.203467518 0.809570773 -0.526582159 -0.160957643
-9.364664245 33.718302387 -9.513297315 0.349392814 -0.924919189 0.108853633 0.102956501
-8.917161846 31.388390069 -7.499428167 0.287990699 0.625236894 0.717438463 0.106874863
-16.875672225 34.474370870 -8.213314915 0.924352659 -0.145898350 -0.319601221 0.148798158
-3.916271589 34.504044469 -16.791479119 0.666022108 -0.169802692 -0.724364708 -0.053641090
-4.513204523 37.538023537 -9.293746845 -0.231578780 0.193984781 -0.584682867 0.752919065
-8.093613740 38.882657176 -11.617720217 -0.677764297 -0.015595236 -0.341769632 0.650834745
-15.768393933 40.505487516 -4.613653143 0.894649045 -0.275771445 0.221253534 0.273130132
-0.989235437 33.746687317 -10.567265388 -0.571761930 0.284767105 -0.583836766 0.501129347
-4.284304707 30.649940248 -9.162806746 -0.352673015 0.496734455 -0.643675452 0.463204640
-11.641157552 41.555458857 -12.627535841 -0.215518969 0.774854145 -0.547542902 0.230974885
-10.397741941 31.840040415 -2.965445137 0.398840345 -0.479361338 -0.368596073 -0.689402656
-7.979360662 39.138675936 -8.318472498 -0.242031876 0.581705180 -0.702173688 0.331650066
-8.308894116 38.956741777 -7.401471269 -0.802205568 0.062217514 -0.592963487 -0.031456490
-12.614432267 37.976759027 -14.993634202 -0.686810018 -0.171216688 -0.158721505 0.688319932
-5.421654359 36.901752110 -18.872904463 0.675449588 -0.514335647 0.513414726 0.125028059
-14.947945010 33.660018056 -13.334599553 0.211861947 -0.931883138 0.293788126 -0.019921581
-4.457837074 35.897193210 -12.699124303 0.823410904 -0.212613728 -0.012020098 -0.525970914
-0.950198694 40.177710156 -11.144434133 0.851295894 0.157745179 -0.372990857 0.333600930
-0.320986691 34.498129137 -10.946541049 -0.695028068 0.099143387 0.626911951 0.337769121
-13.920375526 29.737576433 -12.916309507 -0.378079871 -0.638265220 0.644477414 0.185261932
-9.877847531 43.273761459 -14.929780623 -0.510396187 -0.829618352 0.212406657 0.078182701
-4.433222967 36.486161909 -17.146126181 -0.518514236 0.790942215 -0.147282691 -0.289587996
-9.261451501 31.369638520 -2.063138233 -0.221080979 0.756210436 0.612479887 0.064322355
-11.794207520 38.175906196 -9.414233873 0.084832460 -0.840741371 0.436756777 -0.308546462
-14.378426640 30.456273161 -11.960893452 -0.583143932 -0.059851592 -0.332739180 0.738678265
-4.385903677 42.873392104 -3.632220284 -0.084043592 0.112551628 -0.929756361 -0.340326190
-13.819390802 37.198769840 -11.653902199 -0.758492269 -0.111694277 -0.634500867 -0.098094425
-7.727816462 38.342570485 -8.526181524 -0.013837889 0.482020611 0.042044669 0.875041079
-7.809366717 33.184277039 -7.878575224 -0.184083396 -0.732202197 0.199178926 -0.624756754
-6.041103839 41.356270436 -4.312709301 0.055144361 -0.015127013 0.029846006 0.997917576
-15.221889115 37.832032258 -8.082406433 0.840033593 -0.137915732 -0.157873502 0.500398612
-6.254336374 43.765559360 -11.676451782 -0.821202165 -0.453657127 0.344856326 -0.029938780
-5.868825331 39.471439109 -12.223618828 -0.534384731 0.060179760 -0.838367088 -0.089173887
-16.873791035 35.136289184 -6.786064086 0.690722848 -0.324504322 0.282874065 0.581017345
-9.022591879 31.179949472 -5.808963215 -0.384864197 0.171883824 0.900397673 -0.107793928
-4.929930923 42.201350089 -9.971672703 -0.219985281 0.249809092 -0.441854406 0.833046564
-8.032512283 30.106555495 -13.199539578 -0.894855649 0.368957270 -0.169034159 -0.185826140
-9.490536989 31.248846390 -7.366589721 -0.021145928 -0.812251358 -0.576447371 -0.086654541
-13.331974471 41.927740460 -9.511659639 -0.072987210 -0.630541993 0.581608737 -0.508744474
-4.433256285 35.410628409 -8.731122821 0.922634799 -0.159448475 0.086209212 0.340425003
-0.025935110 36.202403449 -6.920327545 -0.874718820 0.134615614 -0.379019580 -0.270351218
-8.858799021 39.005752281 -0.383318709 -0.429722309 -0.505920975 -0.354700427 0.658460562
-11.529158009 43.005246145 -5.221210784 -0.231803965 0.118265831 0.735182606 0.625928631
-10.433709292 28.488518239 -6.235369366 0.380447168 -0.229781480 0.890259843 0.099487861
-4.718069236 40.294824745 -7.020824903 0.368077789 0.564795984 -0.164074345 0.720141547
-1.651246744 40.386689927 -12.981062631 -0.016058350 0.911891975 0.117372533 -0.392961632
-7.583495172 36.201155601 -11.606547538 0.248336319 0.515858467 -0.725191083 -0.382514063
-10.548979133 30.724437457 -14.902898940 0.321510253 -0.158637075 -0.621120636 -0.696903574
-13.400947568 35.640414873 -10.834110403 -0.664823656 0.316205470 -0.150495841 0.659829227
-3.109835344 34.067978843 -12.376045040 -0.406762421 0.685948862 -0.601842934 -0.042468506
-14.517461738 39.282802324 -15.647855438 0.232613786 0.906318236 0.331404563 0.121033454
-17.953679659 35.353371789 -12.130995255 -0.511550474 -0.323677021 -0.776166056 -0.176396008
-11.902043974 33.084544332 -15.857656290 -0.252810500 0.258672556 0.576355100 -0.732796124
-11.080487849 38.506474200 -16.769200447 -0.093916454 -0.278063650 0.680974732 0.670920055
-15.077017751 34.661496880 -9.415459796 0.267680841 0.252266743 -0.559113043 -0.743035035
-16.319284872 37.833004792 -13.932686075 -0.069834645 -0.244078970 0.587828863 -0.768118355
-11.202965386 40.903494514 -15.557175033 0.615479075 0.244496986 0.498815720 -0.559097138
-7.723773849 32.625891776 -15.725513496 -0.053184239 0.770390680 0.163831907 -0.613863783
-14.597956405 33.418972871 -1.871185945 -0.114867414 0.347102853 0.885380929 0.287098760
-12.469720114 34.262273559 -9.543841423 0.143517324 0.880943386 -0.428237453 -0.141259377
-6.796105590 33.033593139 -17.613462952 0.162111931 0.891838337 -0.215914001 0.362939728
-12.282053572 33.521111264 -6.798669118 0.440723506 -0.297988295 0.594878716 -0.602565417
-6.074327335 33.533677808 -16.144897614 -0.680446993 0.468455614 -0.339088916 -0.450066588
-11.955491569 34.438385412 -18.220739513 0.451108659 -0.030326604 -0.778986649 0.434466426
-1.051352487 37.620013353 -13.764481766 0.830666811 0.289606220 0.251655369 -0.403473001
-7.143839883 39.168768972 -16.457311506 0.244876609 -0.361003592 -0.363550401 0.823129977
-12.969259076 35.028699694 -16.852632905 0.971836358 0.103930545 0.119443275 0.174544663
0.329140456 33.175225629 -8.721486648 0.736993979 -0.387136265 0.506061146 -0.225538256
-6.472287708 40.190367318 -15.230493366 0.304529316 -0.711485312 0.198519765 0.601365488
-16.348722981 37.656779834 -10.050307987 -0.925399328 -0.327322165 0.151906754 -0.115847406
-9.236899178 28.569061875 -12.995109310 0.536187478 -0.476729050 0.688200849 0.107758958
-0.558977110 39.595216412 -11.706645466 -0.955824450 0.259887949 0.132786878 0.035007429
-10.204423992 30.845850713 -4.011927462 -0.125643371 -0.038504765 -0.689220873 0.712534712
-1.109172387 35.066281030 -6.675637848 -0.742212946 0.188483521 -0.089098151 -0.636910845
-7.265131223 40.261620587 -15.182668140 0.774617911 0.279718002 0.362895820 -0.435926089
-6.653743189 35.927495482 -12.496024002 0.848527985 -0.387558608 -0.264274983 -0.244861834
-3.470253192 29.968905974 -14.344460151 0.473634065 0.875157262 -0.093964477 -0.030679265
-5.380514287 32.787542636 -11.355372238 0.605470947 0.274848220 -0.466833031 0.583035427
-4.499096060 32.603016716 -10.398616702 -0.520928557 0.478105528 0.636738899 0.307590827
-11.058802179 38.250497181 -10.565859395 -0.513084593 -0.851941698 -0.091851300 -0.050028816
-13.946818904 39.210236349 -7.999103377 0.156739269 -0.085978778 0.957367509 0.226909461
-17.414899891 33.468385282 -11.546422208 -0.225123658 0.480867052 0.331483681 -0.779874853
-4.309034125 34.278968089 -9.494845766 0.774724551 -0.093803301 0.570792731 -0.255339910
-8.291783918 27.165264084 -10.643473869 0.345960171 0.295503232 0.664875564 -0.592393353
-9.105344276 35.074022834 -8.418033213 0.365327634 -0.158480863 -0.731694061 -0.553211837
-13.695301264 37.109528207 -5.190539444 0.789763104 -0.236928788 -0.560763088 -0.075390640
-11.319887807 32.005607848 -11.611564049 0.782658367 -0.610539964 0.108260415 -0.054465723
-10.328425955 38.124599494 -11.893239678 -0.013312867 -0.386350363 -0.781158813 0.490252052
-6.208197111 37.545076610 -0.986971771 0.286574519 0.462350916 0.834514425 0.087706042
-12.153716028 37.556486364 -11.144978976 -0.046633874 0.437781844 -0.215813753 0.871548486
-12.759516058 35.470193737 -1.637443243 -0.216865596 0.918790374 -0.329696167 -0.009695370
-15.860522526 39.005488688 -13.072095090 0.038185543 0.119776633 0.692766584 -0.710119625
-12.785474101 29.110191112 -10.277630880 0.566274367 0.177703348 -0.457155542 -0.662392386
-11.387182243 35.981004738 -3.387249420 0.614653036 0.663929404 0.425847469 0.007302321
-3.532270951 41.331840568 -8.745658119 -0.288428075 0.908002792 0.279744239 -0.118673230
-2.874566634 30.017749943 -11.591655927 -0.013590404 0.022788423 0.978649328 -0.203817275
0.031741044 38.524451751 -8.461805358 -0.116490413 -0.487315861 -0.110252260 -0.858369195
-13.874860413 38.399299366 -16.187778747 0.819946788 -0.295759282 0.470808631 -0.136209195
-3.007709848 36.871131914 -15.439746702 0.760911068 -0.346546140 -0.457656961 -0.302440450
-8.287766854 42.924743128 -3.275652588 -0.372853205 0.579963328 0.676162744 -0.259667038
-4.733558144 34.235984736 -6.178536907 0.668910121 -0.669009255 -0.313937586 -0.080181408
-4.725776434 40.452072617 -14.744748404 -0.151539192 -0.578573859 -0.564409953 0.568972380
-6.909934668 32.607049046 -9.411172298 0.236255707 -0.693075313 0.484104152 0.479033424
-10.406230799 33.692702228 -5.282563493 0.859064830 -0.442959156 -0.199761307 0.160904397
-10.744823337 35.511729125 -1.329379307 -0.207105441 0.651780004 -0.037443745 0.728620703
-0.416537683 38.707674695 -7.253152465 0.082641723 0.485484804 0.825576337 0.275496938
-9.689071938 27.513713958 -8.162486483 -0.424702643 0.757384759 0.090251821 0.487699293
-12.674076645 28.238047959 -9.710093614 0.405820690 -0.609181665 0.454821769 -0.507291263
-13.854782643 34.580999072 -16.509831335 -0.464378354 0.258404703 -0.134968302 0.836279446
-12.762783829 38.234957778 -10.695206169 -0.212129326 -0.006631878 0.971733303 0.103399973
-5.321213689 36.361480746 -2.889113193 0.598602113 0.273060890 -0.591561497 -0.466013150
-12.443493048 36.023901162 -0.434216107 0.247100583 0.180956600 -0.841316064 -0.445402392
-13.542905240 43.557634093 -11.029753799 0.631728223 0.357202085 0.661901031 0.187651670
-4.808003684 29.274825426 -4.104047256 0.192436681 -0.891270366 0.278754087 0.301498618
-8.232546170 33.781131507 -0.328118242 -0.270591199 -0.128707965 0.793036823 0.530384069
-7.033435296 35.757014657 -1.518994312 -0.110313756 -0.929666085 -0.317631369 0.150539560
-3.854778633 44.182134854 -10.314862634 -0.892229042 0.424309781 -0.154362636 -0.007792521
-7.149607954 33.366894761 -12.218856652 0.394064799 -0.048742478 -0.609145950 0.686497135
-12.190674590 39.599779677 -11.274445478 0.217213163 0.902888952 0.092316907 0.359287588
-4.533469520 40.911044296 -15.745884438 -0.061905024 0.566928832 0.132408086 -0.810695729
-6.659145754 34.681411001 -13.613801291 0.704952957 -0.503941861 -0.202763793 0.456038127
-1.374477881 32.272913051 -9.374677137 0.276260342 -0.388408705 -0.614554914 -0.628602545
-5.839106049 32.301783601 -18.035638346 0.369245918 0.699022375 0.477941258 0.382880302
-8.089300581 32.630849282 -13.348813791 0.552568601 -0.284495594 -0.768986530 0.149632598
-8.014007451 40.505417303 -0.702584163 -0.515048202 -0.585161518 0.492616729 -0.386833433
-10.125437239 32.478308675 -2.706362378 -0.244119360 -0.380082022 -0.851387816 -0.266612419
-7.504645555 40.222817636 -14.307752190 0.800858940 -0.058478888 0.510631009 0.307345326
-7.986552006 30.209766814 -14.409582284 -0.923660228 0.004977869 0.296644909 -0.242546495
-9.762193020 37.973713690 0.071186520 0.233011288 -0.945760310 0.063180103 -0.217373985
-2.382278033 37.078597037 -14.631950819 0.824761560 0.371988178 -0.034916482 0.424469084
-12.665203416 30.942981392 -4.064874186 0.704256261 -0.179161078 0.425795772 0.539094043
-8.040460659 41.436952264 -13.709255002 0.692610630 -0.174325855 0.612558445 -0.338634262
-12.383702167 31.491561818 -4.677763425 -0.348942072 -0.611916199 -0.398760011 -0.587186895
-12.011135047 35.307241252 -14.486946382 -0.589692475 -0.700821123 0.400528774 -0.026253370
-3.990661230 29.665818694 -7.340720110 0.536955835 -0.265819876 0.129556135 0.790084446
-6.618368453 42.141365482 -11.701107839 -0.093136689 -0.449063988 0.765032884 -0.452097089
-3.749677161 32.836844090 -9.899305070 -0.707194793 -0.021934521 0.701461487 -0.085709876
-9.404345192 28.332655238 -14.273449235 0.475817072 0.203546218 0.834417461 0.189511349
-9.760837946 38.881826150 -1.184763361 0.283766838 0.752189524 0.405935795 -0.434630224
-14.603371156 35.767351438 -11.976289735 -0.238833140 -0.466342782 0.697815153 -0.488402656
-5.818442146 39.805594090 -8.917923323 -0.093420445 0.131465031 -0.446357304 0.880201525
-16.171712369 37.706254626 -10.585017596 0.068632639 -0.984036545 -0.095203350 0.133783264
-14.744924433 35.336885850 -6.067194235 0.337290311 -0.758029932 -0.394798195 0.394664736
-8.003726661 42.839208985 -8.535239130 -0.165540279 0.207526369 -0.071573418 -0.961460591
-10.466359699 40.617624476 -10.804618414 -0.285134458 -0.660715337 -0.302750645 0.624896496
-12.709044712 42.888205772 -9.702953443 0.192423327 0.642133897 0.008023484 -0.742006028
-14.548295329 28.222626529 -8.722222446 -0.810938989 -0.035505091 0.188552618 0.552779571
-12.647054816 30.563689516 -16.323093776 0.840519150 -0.428399485 0.309332710 -0.119644115
-13.355081577 43.907991865 -11.289468679 0.381516800 -0.715762051 -0.108114053 0.574839951
-12.505986359 36.334523781 -10.096623624 0.554972183 0.806239563 0.204083625 0.018262440
-10.280318938 29.620658649 -15.771167838 -0.586710321 -0.479479500 -0.365916691 0.540347466
-3.284898979 39.339494005 -9.359748133 -0.284788677 0.158455665 -0.429101710 -0.842412568
-15.690103539 39.836017873 -15.635164621 -0.202501197 0.145389384 -0.491274349 0.834568575
-4.849991948 40.764207180 -2.157224798 -0.732496542 -0.289618576 -0.594514855 -0.161622971
-4.670215461 41.473849603 -10.316419687 -0.620462157 0.775672264 0.096800012 0.063158598
-13.190635630 31.607544895 -11.613318570 -0.625871168 -0.242885438 0.490707500 -0.555426048
-12.608996036 30.452833493 -9.378096271 -0.332625435 -0.075038080 0.854087117 -0.392765584
-7.759661756 34.837766787 -3.255824200 -0.653457288 -0.705931857 0.226644288 -0.152598008
-3.467005155 34.700790049 -12.915040319 0.725985935 -0.497158028 -0.469201711 -0.075020477
-12.370013837 35.387714415 -9.453564756 0.457381965 -0.558868142 0.417438748 -0.551555101
-7.979986425 37.140804189 -1.638962517 0.662819389 0.321649734 0.536235906 0.411901638
-14.140282484 32.248073510 -5.904305494 0.004760098 0.552029250 -0.197852194 0.809997258
-13.081111962 37.000997501 -16.838414276 -0.355567168 -0.408861775 -0.593333302 0.595281136
-9.381772799 42.848090268 -8.869306544 0.665790787 -0.668618555 0.301433594 -0.137148255
-4.651106076 42.859475061 -10.960828520 -0.059256832 0.293877875 -0.695512060 0.652983458
-5.712410277 33.522952406 -4.612244443 -0.094452419 0.767848883 0.611172047 0.167199172
-7.920324010 39.314460247 -0.671891709 0.542105821 -0.467247329 -0.696004600 -0.058127523
-8.959143385 43.847686134 -3.220140573 0.010492476 -0.805871687 -0.489634212 -0.332744753
-5.061786263 27.644490660 -10.040090424 -0.412268072 -0.117751205 -0.756729731 0.493487391
-13.448803853 42.848958957 -12.891046438 0.155233382 -0.983397422 -0.027437477 -0.089884881
-1.064309146 38.517716896 -10.117105167 0.814692237 0.438379096 -0.164373388 0.342172056
-9.313562081 31.980094194 -17.169715043 0.556188809 -0.682291953 -0.054846086 0.471299912
-7.208925860 40.434014926 -2.975557953 -0.449861976 0.681002921 -0.527994847 0.234692706
-9.686125351 27.753078831 -12.199101825 -0.738898565 -0.669062502 0.076543682 -0.022920355
-7.350667354 43.809829670 -15.760397708 -0.565354236 -0.392681009 0.713172622 0.132518017
-7.860552761 42.603955500 -2.513892817 -0.197241275 -0.552372413 -0.803879017 0.098788279
-15.556837506 40.345647639 -11.124532428 0.700267360 -0.027036472 0.385633810 0.600150996
-15.354056553 36.806540770 -7.066131654 -0.210649072 -0.912046794 0.137107053 0.324035908
-3.535869344 36.616633626 -12.996544102 -0.069820190 0.009630100 -0.993469584 -0.089725065
-8.933188767 34.673788740 -8.475375034 -0.655848462 -0.526329837 0.504079001 -0.196835106
-0.687461716 40.384892311 -11.683690233 -0.803333103 -0.199648808 -0.154787860 -0.539293054
-6.960313584 42.200210679 -16.549411964 0.746323571 -0.481795824 0.146438915 0.435235058
-5.027511503 43.826302810 -13.224065124 0.036251649 -0.152812257 0.692286468 0.704324981
-17.630096099 38.559139092 -5.779334603 0.745657193 -0.287422812 0.032920229 0.600249729
-13.765512494 29.975983476 -10.122244735 -0.190343429 0.535406186 0.795002612 -0.212321552
-12.870995756 41.558716515 -6.330968823 -0.650742694 -0.193251837 0.734273823 -0.005442925
-4.423274982 37.495109790 -2.572548418 0.951821216 -0.153991998 0.251547653 0.083944125
-12.429906798 42.929261877 -4.912599864 0.801920714 -0.408421125 0.427125677 0.087629953
-3.184009049 38.153190821 -3.069937740 0.589783275 0.745544846 0.266391391 0.159230014
-12.928253363 41.438289581 -14.637095742 0.425096616 -0.279559771 -0.530682747 -0.677875374
-4.869276359 38.022322413 -12.089698975 0.183297812 -0.678949328 -0.508032276 -0.497325777
-5.765312518 40.210042328 -3.203846779 -0.028741324 -0.046886120 0.394490374 -0.917252949
-12.231498346 30.776921474 -11.828557576 0.792961995 0.456224270 0.354762181 0.192910563
-5.270422049 40.095091991 -16.180907066 0.819681568 -0.416528242 -0.279265930 -0.276833688
-3.283702823 39.816975509 -2.841906574 -0.603763041 0.723621374 0.148741583 0.299530030
