5.652383038 24.035745974 -26.306764337 -0.164558936 0.407463469 0.060115374 0.896258903
12.265500307 26.693581935 -13.566492579 0.628985930 -0.715116574 0.157304259 0.261228550
19.779264417 21.408189451 -16.509375518 -0.214872131 -0.971586397 0.099092900 -0.005517055
16.971944651 15.147778968 -22.541322306 0.538251289 0.428231334 0.719502913 0.096015791
12.014489714 14.423385983 -17.889961243 0.705375841 0.125788549 0.314514461 0.622657866
19.418454396 22.241921321 -29.046782191 -0.091777258 0.140859948 -0.932507453 0.319633007
6.901430466 29.235847723 -21.948402979 -0.681595850 -0.718194139 0.077113269 0.116952210
8.686287152 28.597174925 -21.591190286 0.554246902 -0.614745408 -0.326188079 0.456617775
16.114622330 14.425302262 -17.190871856 -0.748183543 -0.498258358 0.388341254 0.202857252
14.652801992 25.671178235 -24.063772830 -0.608816883 -0.018047717 0.703097623 0.366974134
5.673106685 22.724966262 -20.696393077 -0.742894519 -0.569184121 -0.234170639 0.263251366
5.694164968 22.947221202 -19.158471405 -0.610043489 0.401065361 0.570186937 0.376670113
8.733308064 14.902887789 -19.347994114 0.031757998 0.268977071 0.951172361 0.148033458
14.526354163 26.324352435 -13.551600716 -0.576933529 -0.473058860 0.531397228 -0.401223136
8.874500634 23.927864534 -13.632401799 0.801247254 0.521207838 -0.286590256 -0.064894162
7.872513320 18.630457087 -20.768492225 -0.197640039 0.700997158 0.645461814 -0.230044443
21.987719930 21.439568236 -21.265576020 0.596761831 0.699708237 -0.330148823 -0.212803794
21.408891181 17.004420515 -21.714933383 0.538934167 0.827781032 -0.029448666 -0.153170825
3.162506441 19.266457163 -20.709999760 0.111756943 -0.775691659 0.138015115 -0.605610984
4.280783726 20.914113036 -23.871618151 -0.256578631 -0.959696158 -0.107302055 0.040459354
12.113859003 25.635313147 -17.477281035 0.674420123 -0.491329516 0.181789934 -0.520293402
20.949489034 25.431569211 -25.299827498 -0.544355655 -0.657539174 0.366322001 -0.370307100
17.162148804 27.051506638 -26.121835077 0.423775526 0.807285308 -0.050451059 0.407626576
4.594657173 23.124176048 -18.232679391 0.449866625 0.872416974 0.150573442 -0.117627725
14.242849544 22.943269864 -22.711280971 0.813951796 -0.532260284 0.205775966 0.108801266
13.185328096 27.341625603 -25.896168408 0.274486527 0.827245492 0.482333772 0.087613784
15.315918044 26.716351962 -21.912983180 0.481699107 0.579484234 0.074748265 -0.653128387
6.536219653 21.857733923 -26.115714582 0.079195923 0.141656252 -0.063941323 -0.984668990
11.715183107 18.985429916 -12.682224087 -0.050290041 -0.178938841 0.906757270 -0.378474645
15.149633105 13.027800059 -21.841571812 -0.303471789 -0.641819594 0.683863356 -0.168236121
13.165066536 12.361618961 -25.607017382 0.284968107 -0.030815703 -0.945567415 0.154096836
6.892149405 18.014035574 -24.925412900 -0.043532542 0.146605758 -0.691271252 -0.706226398
9.951549777 26.454674885 -20.757606098 0.633443840 -0.770474817 0.005921374 -0.071290926
5.383973681 23.161080394 -27.670622164 -0.009365645 0.617420885 -0.786496911 0.011240253
20.193407089 27.107675010 -25.231635456 0.942744290 -0.061469179 -0.084518189 0.316719782
14.763116541 27.926983528 -23.716220458 -0.342626935 -0.259843885 -0.497744825 -0.753218447
12.164679027 24.649419331 -21.061648819 0.447332833 -0.881629945 0.149299704 -0.018209183
13.958802933 24.572984290 -22.624784288 0.527644312 -0.228759820 0.747891762 -0.331539344
8.898381454 27.661418892 -22.377743290 -0.291927928 -0.411323496 -0.200958790 -0.839765819
15.149891473 17.889401539 -26.771452729 0.920341639 -0.102061821 0.068048406 -0.371381295
9.880302446 24.533523518 -21.712049800 0.765645934 0.280889715 0.567498425 0.113281993
4.110577455 25.748858317 -22.525688862 -0.566039779 0.219513134 -0.472641986 0.638766394
11.225386668 28.847187669 -22.359576955 0.045324385 0.686243581 0.676105642 0.264379669
5.588219966 22.454239192 -27.207827956 0.357695174 0.107141150 0.255385721 -0.891825695
16.392180287 22.776656186 -28.124781934 0.085213747 0.960536811 0.105122570 -0.243016247
11.885809279 17.777299272 -16.645742644 0.447657447 0.310326580 0.703395632 -0.456656117
10.145874284 26.275071192 -22.584214457 -0.787404122 0.343189266 -0.477841583 0.184074164
16.409972573 21.694567096 -23.634199305 0.903765132 0.126296785 0.346638006 -0.217024883
10.038381178 28.025290141 -25.094654476 0.314448346 -0.525922458 -0.676087651 0.409186135
14.014446373 24.835020043 -24.410306948 0.277951339 -0.709182003 -0.281204400 0.583719132
16.944657039 25.883399236 -21.028073054 -0.170336344 0.246961352 0.589968836 -0.749621500
7.539500145 19.489578255 -23.287360391 0.602137591 0.071508055 0.795183574 -0.000060550
16.780339491 27.888040353 -15.454374239 0.668212119 0.399672450 -0.294649990 0.554017942
4.223926127 19.237676893 -24.223736141 -0.147363647 -0.154666994 -0.728124942 0.651303420
9.235515789 21.365246095 -14.415313183 0.885137765 0.080063604 0.023022179 -0.457811026
19.835401959 24.592461355 -17.981494007 -0.345089764 0.272518325 -0.777903660 0.448901675
10.725556387 14.635969882 -21.231312236 -0.467979329 0.400487119 0.494688140 -0.613097919
5.077039319 18.402071884 -22.062717948 -0.595003249 0.712335994 -0.136826851 0.346160336
12.877298389 16.802848454 -29.505863401 -0.501642804 -0.266690734 -0.261623123 -0.780246046
10.900746332 22.745137198 -27.700114604 -0.955688097 0.068239715 -0.282576259 0.046414017
9.803446628 12.173432892 -24.216212346 0.484490476 0.355148284 0.574580622 0.555873893
14.493774163 18.574862348 -25.679536288 -0.859190076 0.118563551 0.417456877 0.271044007
19.123295826 17.637064277 -17.321643494 0.564281157 -0.175280262 -0.491426680 -0.639815148
5.606651865 21.792096189 -22.527999525 -0.845146164 0.299353609 0.285139483 -0.338837503
10.786126902 20.298177890 -15.741188151 -0.915461623 -0.096574177 0.328456875 -0.211469919
7.495448798 24.530616034 -24.561217626 -0.148481714 -0.227870690 0.955703436 -0.112512542
10.033495549 29.738021136 -20.986523931 -0.959553342 0.061771694 0.137897156 0.237541608
7.004414402 26.901108720 -18.415839628 -0.760823021 -0.452656309 -0.307498658 -0.348848351
12.401649357 17.455708157 -21.274929721 -0.651152089 -0.509607812 0.421437917 0.372412294
9.608086172 17.446603090 -20.146147850 0.325172767 0.761912440 0.305058533 0.469778028
11.835786800 14.401238840 -14.963153048 -0.073133988 0.784984387 -0.577870983 -0.210988290
11.744608224 22.367409954 -15.046366924 -0.027523422 0.903486764 -0.424948004 -0.048716751
5.700259791 23.490314343 -21.469343611 0.819382509 0.554395326 -0.139857995 -0.041205203
7.514639556 18.130106737 -29.233622529 -0.459907733 0.066091402 -0.855139422 0.229898614
5.733227129 15.645053886 -22.774211840 -0.024844076 -0.056916568 -0.697440759 -0.713946541
16.961779556 19.938547557 -16.900979403 0.675030613 0.051280245 -0.579814845 -0.453341762
10.523743927 22.715159164 -27.312626312 0.221662301 0.417565474 0.228764858 0.850982690
10.963916991 30.158105804 -25.821252513 0.332514644 0.891462438 0.268528812 -0.150402826
6.754954587 17.238244942 -16.512111574 0.194984679 -0.292284342 -0.321658130 -0.879253596
12.907620282 21.605718693 -14.312991634 -0.788869945 -0.134488640 -0.017940634 -0.599395654
11.177575447 24.085817034 -25.256993981 0.497302897 -0.340131964 -0.767453190 0.219124798
17.496102788 23.272617565 -22.923272930 -0.277566101 0.949992100 0.030672336 -0.139754346
11.827162604 22.924236294 -23.316199940 0.326503756 0.407356377 -0.019172456 0.852694844
15.166579626 15.256103452 -25.862391320 -0.250177162 -0.161013242 -0.454258858 0.839723176
21.467906457 19.582818110 -17.995943438 -0.775261000 0.347961945 0.024580690 -0.526582052
19.126484203 16.182932805 -26.011880579 0.251217842 -0.456187029 -0.092079645 -0.848707446
20.932600300 20.985648749 -16.723811189 -0.129566997 0.059622090 0.200797075 -0.969194580
15.497610133 17.261287395 -29.658559605 -0.330214211 0.760983273 0.557844449 -0.025934621
9.732649475 19.676362591 -25.584040059 -0.796824699 0.010986510 0.576956446 -0.179083654
16.385133040 28.311662581 -16.124963322 -0.533276081 0.592647968 -0.315337967 -0.514730001
7.456404655 26.719332845 -20.593459084 -0.458303026 -0.388629197 -0.797493794 0.054123303
8.006233084 16.145382595 -19.594796318 -0.859060416 0.263703981 -0.421991493 -0.119994138
14.391269363 13.096317497 -24.357637444 0.240137689 -0.760556080 -0.540769925 0.267312976
7.675852765 24.860592504 -18.796219219 -0.438291573 0.476939372 0.759012669 0.065795907
13.833096293 29.439837139 -17.293536639 -0.150258930 0.762111161 0.223438826 0.588798713
18.394686376 18.180309231 -19.558530800 0.059051768 0.757259021 0.534248904 0.371011822
7.109817238 19.550874359 -18.319784205 -0.300371609 -0.161561775 -0.139016054 0.929703838
14.977026853 19.197277703 -22.300375103 0.509956532 -0.158573153 0.211902878 0.818471784
9.764073042 24.040401424 -24.215869773 0.796981603 -0.313938685 -0.121638565 -0.501464740
4.645742800 23.976486367 -26.634058927 0.026021874 -0.493780151 0.729425010 0.472697768
18.954302452 24.037011775 -17.653489352 0.286462125 0.224754233 0.406971608 0.837734502
12.030332151 14.349174760 -26.695110960 0.156373364 0.184453071 0.926857966 0.287156311
5.672591608 15.847938735 -21.747081412 -0.122949925 0.342852449 0.917088207 -0.162125676
17.789189615 16.640121263 -16.687897922 -0.376339936 -0.872810630 -0.203114227 0.235190278
13.525336522 24.479830522 -20.757884675 0.465535387 0.471305725 -0.024166803 -0.748708009
17.191968543 16.538201131 -21.395318570 -0.273679347 -0.892010280 0.008461043 0.359646612
14.413172242 19.906865356 -25.121213540 0.705127397 0.421738611 -0.088674693 -0.563088534
15.715443454 24.197236529 -17.876887451 -0.028557554 0.138842814 -0.400219948 0.905390044
7.246326931 28.258170077 -25.640755951 -0.559215150 0.825075047 0.014859739 -0.079427774
10.847401563 17.878096460 -27.963159811 0.023320465 -0.620012206 -0.766619914 0.165332777
10.286021780 29.001863083 -25.827734105 -0.296818209 0.604130081 0.699130749 0.241126505
11.236097283 28.841865364 -25.417533650 -0.166428956 0.936051970 0.278292432 0.136606858
21.532664303 20.461396851 -24.791652458 -0.213633503 -0.596446927 0.218471495 -0.742214251
13.629957156 28.685431758 -19.136960167 0.833197175 -0.346524376 -0.115183933 0.415254123
13.362338127 24.253385611 -22.233973021 0.871722254 -0.202191328 -0.371087062 -0.248018892
10.356300217 12.804817499 -18.858162979 0.040967758 0.204361431 -0.643334900 -0.736666990
6.545515664 23.804835748 -19.203993232 -0.414319120 0.197325258 -0.886709793 -0.056108391
8.333745315 22.992914804 -16.801693342 -0.417203416 0.120120009 0.854398198 0.285510440
19.363079402 22.290983172 -27.633019388 -0.166560990 -0.574839882 0.731405316 0.326898779
9.851563387 22.701361321 -27.046717218 -0.764989374 -0.100449862 0.632788484 -0.065420306
8.325770082 17.809536209 -18.055640756 -0.141009245 0.749001388 -0.164300667 -0.626193743
13.262227363 29.561587650 -26.357614342 0.400653160 -0.631267347 0.640090115 0.176814104
12.055728001 29.298537164 -23.603262252 0.264282080 0.609014447 0.739292151 0.112709811
9.790026346 15.918565244 -27.121834161 0.330489042 0.936780774 0.048974446 -0.104020565
10.605897559 19.974151103 -21.369960253 -0.542958163 -0.397480588 0.349955762 -0.651718176
15.851778309 23.276418235 -25.091028957 0.530267167 -0.003960034 -0.277601021 -0.801085965
16.010242330 16.214092903 -21.428992235 0.150905697 -0.042847243 -0.919046823 -0.361586118
17.971076945 25.603650620 -28.522163364 0.485280471 -0.145468745 0.828398661 -0.238950553
11.122723241 18.735956051 -21.216701748 0.865207917 -0.049540046 -0.457677934 -0.198725825
10.935154176 23.096861446 -16.410931656 -0.382660458 0.303407436 0.062313753 -0.870420529
14.087997737 19.848676764 -27.703153955 -0.941830310 0.253580383 0.201994615 -0.088604920
12.035885809 20.569224093 -30.202855132 -0.207027505 0.414986301 -0.671670059 0.577741563
17.224034860 15.659985279 -17.962538456 0.395306594 0.178788437 -0.558462612 0.707026805
18.874507136 18.942972382 -29.066347514 -0.032289575 -0.910869977 -0.279376901 0.302029496
12.702637308 20.514965362 -21.484315993 0.249381720 -0.931982121 0.245001555 -0.095876594
17.196721807 23.601943946 -18.769564442 -0.351745664 -0.043477344 -0.070200098 0.932446596
11.821594306 11.899017925 -21.832518230 -0.525428968 0.771360172 0.040795479 0.356740261
18.412155873 23.268293239 -15.822358090 0.582138639 -0.120007222 -0.580116940 0.556935550
16.506484471 16.341119713 -26.350468396 -0.644775035 -0.191520959 0.342624885 -0.655891047
16.584502983 25.472509398 -16.878467689 0.255850461 0.797076001 0.535447868 -0.111830100
14.088197470 22.258168226 -17.195559693 -0.037585862 0.831105534 -0.190651808 -0.521059288
12.406879523 19.542172216 -30.465255917 -0.824659699 -0.533869318 0.095259776 0.160765377
16.132962544 24.018214870 -16.520338899 0.756908057 0.645018978 0.103592662 -0.017586119
18.121466804 15.271010490 -26.149485684 -0.117196115 -0.546063459 0.814861270 -0.155180152
16.985595153 26.744942294 -16.477664362 -0.449286401 0.130823902 -0.393312544 0.791411447
18.636570167 15.398260864 -22.196580419 -0.050283227 0.263277171 0.783982692 -0.559935592
10.278999449 20.655610161 -28.628786580 0.227461548 -0.823740674 0.480987261 -0.195866796
9.841886543 16.578236872 -27.978596845 0.039860323 0.769783393 0.512107313 0.378933744
19.689507415 19.575465859 -25.026056947 0.223749088 -0.074525313 -0.882411579 0.407102111
13.803696679 23.927779294 -27.370304601 0.499913117 0.575047257 -0.471457446 0.443999329
17.981316897 20.825626212 -13.704805751 -0.640957619 -0.499507888 0.540590081 0.217778706
5.148883958 23.990571675 -26.101497766 -0.240527139 0.008708612 0.931717305 -0.271981100
6.936248031 14.121240989 -21.575787744 0.419097431 0.260506311 -0.848492333 -0.191192485
17.939886179 15.369755441 -18.454149106 0.032295507 0.685071009 0.631023195 -0.362552673
12.173223734 18.610284030 -17.572334568 -0.215893878 0.272367801 -0.468399070 -0.812285618
14.409453504 24.770307094 -20.413065236 0.440601589 0.588168869 0.046755954 0.676565963
17.706985237 27.253268145 -21.903305977 -0.125354005 0.319410513 -0.859465381 0.378922891
7.197873584 27.885704584 -20.071519316 0.291327484 0.926481295 0.178897051 -0.157342151
9.796411347 21.438370954 -18.029451384 0.938822199 -0.148029838 0.243978129 0.192807467
15.001533108 17.430886853 -24.554073765 -0.242404560 0.557030248 0.695861136 -0.383059539
14.712881036 26.045459285 -21.277744519 -0.220827654 0.103515154 0.931006380 0.271563770
19.322446954 23.406696883 -25.617393934 -0.314232919 -0.893412750 -0.145038888 0.286417619
17.285249000 18.308644057 -22.688287510 -0.599847557 -0.271784790 -0.233697923 -0.715332941
21.182544263 24.237912119 -18.767284346 -0.587214764 0.732145556 -0.206465894 0.276610811
12.572877342 21.269428131 -15.310466894 0.028557762 -0.625074843 0.098129893 -0.773845217
5.444540899 18.507136295 -27.056227049 -0.765769888 -0.614459593 -0.163807176 -0.095932771
16.207227225 17.270925236 -23.764065500 -0.680616548 -0.374538729 0.003365071 0.629659060
17.905392123 14.201517741 -19.223303387 0.583233924 0.230519680 -0.089643599 0.773733088
9.276534048 21.705850117 -20.762826357 -0.194763432 -0.429939474 0.792597932 0.386015249
17.548126617 21.416312733 -20.996521813 0.178642419 0.321120002 -0.923882088 0.106820960
11.665681544 26.849872495 -20.037492628 0.590709089 -0.317317053 0.083170598 0.737194216
8.549486104 23.040531294 -29.940949781 -0.064493132 -0.831576306 -0.279206380 -0.475778605
14.049765656 14.098518668 -16.931080011 0.744057874 0.218852261 0.580664321 0.247609600
15.007832929 25.576878413 -23.974151440 -0.098099534 -0.846544697 -0.057623461 0.520017398
10.857762928 25.209714663 -26.590542537 -0.122878301 0.122006093 0.673865664 0.718276063
7.154299162 25.024673198 -21.447698896 -0.658881507 0.303913192 0.442078979 0.527331118
13.337861554 16.310113321 -25.293112099 0.244853891 -0.560295499 -0.312477820 0.726961580
8.717852993 16.626942863 -24.971916338 0.715932213 -0.030583822 0.610816848 0.336761748
15.216571407 19.889658108 -23.144751689 -0.066554082 -0.609957014 -0.097466201 -0.783596411
14.189855763 29.248926033 -27.438452404 0.786259846 0.304396142 0.240775707 0.480796737
9.572797677 14.438817320 -25.479937224 -0.162295222 0.551262123 -0.798467978 0.179497133
15.829880324 27.322575634 -28.255386703 -0.261874351 0.120886976 -0.187980543 0.938867125
13.683016905 24.067812640 -17.810726653 -0.337242283 -0.013751763 -0.493653839 0.801488876
20.054707730 19.132352072 -26.154453364 0.050734801 0.412587344 0.757300979 -0.503679353
17.416017644 28.531252867 -17.125968178 0.098259287 0.246785118 -0.399646368 0.877339728
14.658412175 20.019178280 -12.684760723 -0.927991533 -0.277121770 -0.248764250 0.012312065
13.453401542 27.140373990 -19.712519707 0.309153681 0.432073033 -0.417352779 0.737260845
8.722249719 21.920775079 -18.753754085 -0.638486330 -0.672061407 -0.229679529 0.296506299
16.598850966 19.205556578 -21.206786421 -0.573061150 -0.261015241 -0.653548760 0.419935686
18.508811439 18.217274469 -23.993190433 0.709113284 -0.598393127 0.365288811 -0.075153846
9.760798096 21.707963289 -28.238782446 0.572352787 -0.280179226 0.737085393 -0.224982248
7.839689100 28.503658499 -18.500543505 0.059968574 0.207402240 -0.284051815 -0.934185553
18.138958848 18.559526918 -19.704986886 0.580284565 -0.682421059 -0.248858007 -0.368294739
16.608627728 17.479612925 -24.750980810 -0.918598130 -0.157553706 0.288108098 -0.219881854
17.903996464 25.475317090 -19.290615964 0.865063916 -0.057273805 0.458076566 -0.196341521
5.407429392 18.667662921 -22.247193093 -0.534832266 0.108864069 0.098586297 -0.832096030
5.137950618 18.799723452 -17.018813685 0.318557012 0.625401749 -0.343838031 0.623834506
18.599144393 25.332255258 -25.871685948 -0.122853125 -0.860456400 0.226953954 0.439333354
4.159402336 22.409437991 -26.631403503 0.505614948 -0.693196044 -0.353122147 0.373011417
18.787900677 22.429162763 -17.749092464 -0.465704380 -0.101004169 -0.623806217 -0.619502536
