-14.817808334 -1.890751308 -22.587196924 -0.332738571 -0.776765088 -0.508038737 0.166786339
-11.312758764 -6.220621917 -30.192420420 -0.300424370 -0.368794468 -0.774069218 -0.417795027
-17.500327323 -1.161291002 -24.303594250 -0.551583080 0.388213456 0.559092796 -0.482142785
-19.760656162 2.522278535 -26.427997589 0.565734907 0.480371560 -0.339343964 0.577955755
-18.799205880 -8.038056822 -16.765126322 -0.195168579 0.510239100 0.162532643 -0.821674161
-22.155862087 -2.470376278 -21.821416296 -0.431358348 -0.816430308 0.036373583 0.382162911
-18.268103794 -5.976427282 -26.923987616 0.991612575 -0.028227081 -0.072031300 0.103533694
-23.155141388 -10.344169568 -28.140377590 -0.477218466 0.669958101 -0.043747617 0.567013955
-17.969444308 -12.890723805 -28.360717716 0.563071940 -0.475554649 -0.553086342 0.388449822
-18.978768940 -7.117642618 -30.487323621 -0.155196984 -0.493571289 -0.135274221 -0.844986487
-20.357652476 -1.366782057 -21.287447853 0.112112127 0.741166998 0.398992389 -0.528116866
-16.695607821 2.355918181 -28.238789744 -0.167609323 -0.952572678 -0.240787711 -0.080831220
-11.746458724 -1.959517455 -27.469650875 -0.713781280 -0.668544921 -0.137367805 0.157143433
-13.885241065 -5.648577817 -24.116828071 -0.664684998 0.083213079 0.588101536 0.453217410
-22.780324697 -5.361716762 -22.709151102 -0.320265022 0.220404009 -0.871606087 0.298588709
-23.426678515 -6.035821298 -24.433392027 -0.348831329 -0.395297446 -0.522532153 -0.670087145
-23.881657794 -9.015418137 -22.070720236 0.565139217 0.762999758 -0.313304404 0.017011344
-11.994045695 0.851072564 -27.582796593 -0.501576955 -0.297126419 0.149388294 0.798636079
-17.736761094 -3.348681154 -22.166680095 -0.472029671 -0.619043635 -0.522341440 0.348040785
-23.810488716 -10.231456811 -21.957278161 -0.844646920 -0.344777633 -0.275544366 -0.302944329
-22.204377722 -8.091843331 -20.978177731 -0.567009023 0.446771523 0.028831492 -0.691422244
-17.505376564 -9.090468672 -27.134662932 -0.417087018 -0.533660748 -0.181208682 0.713027376
-22.760403060 1.055881615 -26.488198096 0.053749289 -0.082191338 0.988806602 -0.112325869
-20.153550347 1.065650056 -26.382443231 -0.711611299 -0.186457082 -0.141226419 -0.662493936
-20.959989124 -11.957492226 -30.328161560 -0.777787060 -0.104535911 0.189478623 0.590099469
-13.963065504 0.594999019 -20.355335790 -0.414805541 -0.557673866 0.716906489 0.054601351
-13.806429914 -3.061124647 -27.375424855 0.152502294 0.186324525 -0.868976469 -0.432326402
-25.756665725 -10.014278390 -24.749479113 0.227223983 -0.304849034 -0.273566254 0.883514478
-13.077470668 -9.442192987 -20.859290045 -0.415269709 0.361205789 0.385489905 -0.740593667
-12.716713369 -4.339310174 -31.113869631 -0.082553928 0.772641840 -0.611856172 -0.147788564
-27.323622827 -5.799441788 -24.482866421 0.685914426 -0.368111812 -0.050212491 -0.625694654
-21.975424789 -6.503024592 -21.553427782 -0.786833647 -0.424111498 0.293785872 -0.338691763
-23.740626009 -11.699319126 -27.909841814 -0.577827866 0.109501199 -0.709855848 -0.387594015
-12.003725068 -8.527370597 -25.385192397 0.000419298 -0.379961429 0.653322636 0.654827206
-14.861963858 -3.127294172 -17.656083725 -0.952456296 0.156533352 -0.259044931 -0.034929028
-13.171742380 -5.797542161 -32.927263381 0.224244975 -0.666462958 -0.389067937 -0.595119700
-10.479854405 -7.999946358 -22.616155564 -0.817223625 -0.081884823 -0.337403887 0.459998955
-17.063307711 -9.678062590 -25.516009427 -0.089756883 0.273783943 0.399733870 -0.870171758
-23.460393332 -2.796115579 -25.805738889 -0.320061958 -0.582836737 0.413384227 -0.622073277
-15.533690107 -9.811539459 -20.803103233 0.676676372 -0.202549005 0.119369016 0.697734925
-20.395412717 0.801299144 -29.757601367 0.605324190 -0.023384879 0.635763990 -0.478372158
-12.892367152 -4.366839706 -32.090961352 -0.594337648 -0.738030985 -0.201344838 0.248059028
-13.116572408 -0.913463772 -20.216362597 -0.239811769 0.616870168 -0.659238211 0.356884424
-25.708514708 -3.895138438 -18.780666069 -0.208045794 0.467201479 0.066974211 -0.856711259
-9.429781862 -9.525327027 -25.941663853 -0.158844287 0.787264057 -0.593407559 -0.053397255
-25.991743816 -1.088710445 -29.622218708 0.814337663 -0.337024309 -0.268300981 -0.388951629
-22.022418710 -14.527565580 -24.240644311 0.472771143 -0.381951133 -0.157492172 -0.778329618
-17.374640039 2.451239014 -30.523431144 0.138228934 -0.829433489 0.153162521 0.519108940
-24.030958505 -10.319373088 -21.888641541 -0.217934125 0.965953627 0.040788343 0.133321488
-15.302703366 -4.120985185 -31.035814659 0.277561857 -0.774285377 -0.558414199 -0.107773625
-11.315212717 -5.340690241 -22.786089270 0.682120128 0.247652205 -0.646021292 0.236721369
-19.170143768 -4.674049573 -22.347485435 -0.467006767 -0.732133411 -0.338811025 -0.362066897
-16.870221059 -0.731367826 -19.414301202 0.200737739 0.535688979 -0.795935489 0.198061544
-18.750400920 -11.820579508 -27.551665612 -0.591831432 0.691616751 0.238586249 0.338346608
-26.561876520 -1.379986627 -22.319477097 0.446204850 0.706867188 -0.255334072 0.485844134
-11.580771983 -4.996059601 -26.867518617 0.234636877 0.585902671 -0.520636666 0.574979181
-15.043862851 -0.001614010 -27.018914933 0.257560138 -0.067748067 0.646724000 -0.714717456
-16.094832996 -7.886025591 -26.489562863 -0.473720534 -0.038618840 -0.868135013 -0.142965175
-15.415069106 -3.079580635 -31.196249049 0.933919698 0.308294771 -0.109037736 -0.144426810
-12.889341028 -4.273129414 -32.762067258 0.642986676 -0.654906955 0.213304038 0.334912529
-11.884259095 -12.167871890 -24.154844638 0.258550983 -0.577400186 -0.219876451 -0.742573068
-20.516397936 1.962113733 -31.268924224 0.274245281 0.448617796 -0.656782403 0.540526109
-15.856055234 -4.486438442 -18.379629681 0.058519963 -0.506520633 0.247119677 0.823980660
-27.322065581 -3.444373568 -29.163961897 0.886174894 0.390913069 0.200520988 0.147215362
-17.089504723 1.602931909 -25.428429969 0.550244438 -0.065757215 -0.802242520 0.222067527
-17.090172061 0.725973495 -21.446473371 0.852809416 -0.449215145 0.263802624 0.036469555
-22.277563163 -7.987637790 -18.895058757 -0.993022068 0.011162119 -0.093427540 0.071090611
-18.900623072 -1.665563730 -21.196770779 -0.285438285 0.014141623 0.951592843 0.113119679
-9.649178254 -6.393789329 -23.293136868 0.150264607 -0.753912055 0.632354021 -0.095736900
-25.012472773 -11.790086620 -28.502518187 -0.418156739 0.736462215 -0.388318649 -0.363286354
-15.995860576 -0.652944076 -30.969050927 -0.076027150 0.094957318 0.854183030 0.505543599
-12.795540668 -8.380198776 -20.451027472 0.321604983 0.664544558 -0.588193633 -0.330119697
-19.110969006 -13.851529399 -26.470292853 -0.742167985 0.516791903 -0.386190343 0.181575960
-19.197290782 1.203666113 -32.934987700 0.945765874 0.013296565 0.288543084 0.148637147
-14.180617035 1.787543736 -27.579619716 -0.984006825 0.162475499 0.069423018 -0.022643451
-16.036647482 -8.574460553 -23.937549956 0.062099194 -0.705056268 -0.691623689 0.143861119
-16.884190474 -5.651297973 -28.025986699 -0.625235130 0.398962075 -0.670679049 0.009995421
-18.159589116 -12.599439401 -31.564347486 0.893894908 -0.413983951 0.151338369 0.081644845
-19.800018540 -5.013532216 -20.739642620 0.638566781 0.444648421 0.587701832 -0.221645671
-13.908848384 -8.551270626 -20.427758301 0.754252108 0.108918113 0.635975144 -0.121557471
-9.717629685 -8.515179531 -28.972753978 -0.525019074 0.789121460 0.318771670 0.005188128
-21.021288750 2.364578764 -21.936164220 -0.504740494 0.265179083 0.787518718 0.233947335
-16.819621663 -10.004897536 -33.475396545 0.451647171 -0.522121720 0.133037960 -0.711129133
-21.486546728 -7.591127994 -23.536152574 -0.363335556 0.414211893 0.518007082 -0.654281625
-28.120512204 -6.775378912 -26.654657520 -0.152667934 -0.166298653 -0.810137253 -0.541031322
-11.254804261 -9.922641079 -21.651341480 -0.310901210 -0.046659279 -0.404900131 0.858614717
-11.796576352 -9.002637612 -29.921401116 0.341809125 0.304177120 -0.197941554 -0.866869046
-12.402302710 -1.195793296 -20.310888756 0.355456559 0.786552817 -0.410614025 0.293907168
-26.583430202 -6.517118755 -23.126718776 0.527302952 0.661668415 -0.169772067 -0.505295905
-16.546515866 0.475628893 -21.385812592 -0.281265018 -0.249348721 -0.908831613 0.180942823
-17.300674954 3.748052132 -28.819300113 0.812296398 -0.395367406 0.168634212 -0.394235563
-20.334760770 -10.084563047 -23.165423894 -0.549906586 0.821998317 0.145595628 0.026896598
-27.670645092 -6.680687253 -25.466013660 -0.020652444 0.106679579 -0.993635400 -0.029692365
-25.823692966 -1.243553197 -22.733896212 0.099018141 0.964893130 0.214717974 0.114336552
-17.550292552 -1.615923797 -25.032570702 -0.833420514 -0.437790240 0.137798263 0.307833708
-25.579275948 -6.739278131 -22.556495371 0.200289960 -0.679476824 -0.694356942 -0.126742319
-14.057261349 -8.270827163 -22.183049204 0.071093796 -0.111093479 0.991126769 -0.016481480
-16.629881199 -9.224787190 -32.685813536 0.675363033 0.394521618 -0.387750737 0.487736437
-16.396201849 -0.670927633 -25.209343129 0.070218998 -0.617772834 -0.566517780 0.540817550
-20.566399939 3.680301428 -26.877665345 -0.079521877 -0.685441350 -0.546691475 -0.474315146
-23.259401565 -0.708657676 -21.430959355 -0.298772082 -0.554116126 0.296584389 0.718142230
-15.304476466 -2.230482649 -33.054373753 -0.435800992 -0.192194662 0.850489726 0.223172430
-15.480000513 -9.760679997 -21.115914776 0.182072306 0.859655560 -0.148706405 0.453572924
-21.011654913 3.144941385 -21.405729260 -0.650030294 -0.024369143 0.758749181 0.034153207
-22.328409530 -7.910614502 -24.595413029 0.626928770 0.542566583 0.473471175 -0.297332922
-14.326737396 -6.354435542 -18.321058271 -0.719428981 0.293633813 0.595871491 -0.202825768
-23.401111770 -1.429054841 -30.190730015 0.444251807 0.100584993 -0.765043236 -0.455227239
-11.263975486 -7.081996545 -31.244973096 -0.027551932 0.453916482 0.890137880 -0.029245034
-15.117317953 -9.992436713 -26.652247547 -0.673097756 -0.398846211 -0.576096752 0.236587497
-22.749524724 0.666243227 -20.774015243 -0.092331981 -0.735124726 -0.613295024 0.273743778
-18.070453481 -6.618409868 -16.710292918 -0.408833607 0.010973935 -0.773149093 -0.484742338
-11.662195180 -3.515831900 -30.092730974 -0.585458631 0.329135574 -0.586862132 -0.452217651
-21.352840154 -8.916794648 -20.502004000 0.895724921 -0.195318177 -0.377198641 -0.131334916
-19.802000263 0.526709061 -19.625695541 -0.260501021 0.485085548 0.123061011 -0.825643517
-27.573452675 -5.624113553 -23.746957728 0.325290554 0.257314567 0.363144193 0.834327013
-15.414256006 -13.748612779 -25.063853929 0.456924414 0.486865209 -0.501921741 -0.549778969
-15.837444397 -1.902570394 -28.613199147 0.151758427 -0.954783866 -0.021701885 0.254727654
-13.051335204 -8.334464826 -25.629448575 0.179972343 0.047419408 0.664238770 -0.723980809
-17.763164555 -13.980445434 -25.599342413 -0.183763091 0.030363813 -0.187481637 -0.964447926
-12.802282095 -8.658639700 -24.995160457 0.398018845 -0.310716178 -0.304132776 0.807799300
-25.182453192 -10.274672971 -21.753288256 0.728593587 -0.053706257 -0.679736071 0.065006888
-16.541763850 -10.311449676 -26.270686707 0.180418486 0.181931060 0.624812264 0.737536367
-15.607910491 0.891120092 -28.101992190 -0.520968153 0.844917072 0.117083288 0.031604231
-15.922775873 -10.349500815 -28.273807799 0.195651546 0.454351397 0.587031220 -0.640842904
-15.572919171 -8.466672779 -23.375611592 0.716863926 -0.379266483 -0.211821222 0.545339176
-21.176686092 -2.987218089 -24.851831463 0.945322461 -0.037471297 0.291211313 0.141976469
-15.673913689 -10.972766659 -28.046958456 0.590378250 -0.184593267 0.589562666 -0.519417665
-22.823589653 -7.801168690 -24.125251613 -0.567720988 0.162042149 -0.561245050 0.580033806
-22.233151697 -2.521484408 -20.028021903 -0.375414157 0.223935841 -0.110647028 0.892566068
-15.277367844 -0.020851271 -22.189045599 0.120416211 0.512502291 -0.601729484 0.600635469
-16.122467233 -6.237535659 -30.103499881 -0.009263546 0.066967443 -0.627167531 -0.775944867
-15.697971105 -12.644880660 -22.686630916 0.615254815 -0.114875582 -0.498944286 -0.599432826
-26.530681476 -9.276250341 -25.215356888 -0.353343919 -0.487008531 0.213258165 0.769734838
-11.580511113 1.295556837 -26.173528272 0.854436409 0.426942776 -0.276478183 -0.105915553
-24.085682973 -9.424328171 -24.749040279 0.335663256 -0.132267029 0.907388270 -0.215597168
-17.893082933 -5.301022801 -23.749701206 0.650078519 -0.115547657 -0.635302596 0.400546214
-15.148404011 -13.630300491 -22.837474758 -0.084280097 -0.725875257 0.657663222 0.182978313
-22.779323053 -6.346961031 -30.993957254 0.883975085 -0.377570558 -0.254550054 0.105984876
-17.433698934 -14.327520019 -21.510552300 -0.318861428 -0.692605530 -0.145829163 0.630364041
-19.854137803 2.179681656 -24.464178932 0.250428903 0.647342549 -0.637771129 0.333887669
-18.034954308 -3.944435853 -18.412100206 0.486548762 -0.240419997 0.080920379 0.836014605
-22.605488744 -5.742470839 -30.121259138 -0.772249509 -0.437559383 0.422498773 0.183486429
-14.850792777 -9.527971189 -22.083056723 -0.743717692 -0.132817349 -0.599781695 -0.263638890
-10.709070200 -4.530273544 -19.967470804 0.390818017 -0.717885321 -0.384255156 0.429243425
-24.527850984 -12.728266553 -24.658886885 -0.025493086 0.086018354 0.923474527 -0.373022443
-19.140799215 -5.961157254 -20.167570081 -0.249738691 -0.510725807 0.814791202 0.113600321
-21.597302905 -0.703913731 -25.601967830 -0.563313222 0.742852266 -0.160414038 -0.324216073
-23.708460665 -5.896314237 -17.853344862 -0.177567230 0.026423439 0.947978169 0.262886044
-10.950213732 -10.504032020 -21.456623764 0.348787536 0.125517405 0.920063621 0.126789471
-13.080872817 -6.258042272 -30.054090330 -0.895021403 -0.350239064 -0.275671563 -0.016567315
-14.300974376 -12.680408182 -26.339145209 -0.634290797 -0.376831882 -0.009122523 -0.674973850
-21.323193274 -7.942436414 -30.546828984 0.941125733 0.103382733 0.078324583 0.312185242
-23.119483596 0.111559708 -29.439946521 0.149646081 -0.833762013 0.402362546 0.347205037
-22.518688657 -12.247400530 -25.563073950 -0.687134657 -0.349060036 -0.035535973 -0.636191991
-14.925052057 -4.655884084 -16.528697357 -0.506942022 0.131185922 -0.629759431 -0.573762233
-19.891891439 -5.666181175 -17.401318608 -0.006061916 -0.266493685 -0.792060356 -0.549167334
-18.243204385 -3.774764371 -25.091935099 0.190460314 0.637034439 -0.606758264 -0.435610378
-19.715235078 -4.834234652 -17.807169331 -0.196457937 0.706511807 -0.157157140 -0.661473340
-20.828144618 -11.961426298 -19.379711423 -0.805485269 -0.556756158 0.203001590 0.002533009
-10.243855584 -6.922382980 -25.280439847 -0.214001656 0.030582877 0.535155251 -0.816625273
-15.320204654 3.696525045 -23.273578718 -0.258024533 -0.322562306 -0.805996696 0.423964886
-12.355113785 -8.075811009 -24.525193425 -0.114630350 0.589941265 0.178618737 0.779053614
-24.387513697 -9.551079330 -25.904275167 -0.220120020 0.321416502 -0.902345682 -0.184420389
-17.724645378 -2.250027050 -24.236643938 -0.528112973 -0.442039987 0.613881069 -0.385807427
-14.560204219 -8.179229241 -28.866603291 -0.313213266 0.941695445 -0.122874793 -0.002987291
-11.478639645 -5.366267430 -24.304055127 0.302080134 -0.846523338 0.043960382 -0.436134516
-13.955814094 -5.771958555 -28.347086658 0.392376394 -0.678906289 -0.126658262 -0.607523416
-17.297694786 -5.968057946 -19.171450783 -0.290231957 -0.540001792 -0.671441425 -0.416329063
-22.309911883 -13.357227610 -26.400669893 -0.159311934 0.849326574 0.382175054 0.327423741
-23.666269528 -1.118814201 -21.071087420 -0.263982595 0.905152298 -0.169828933 -0.286654216
-14.940170076 -6.273450243 -29.079246985 0.317622438 -0.346577189 -0.882177850 0.027613053
-16.064143073 -8.066065051 -25.479457601 0.103265315 -0.415042998 0.867339296 -0.254554770
-18.286823153 -4.421444497 -23.782156225 0.572473335 -0.233979299 -0.396479881 0.678477466
-14.818423163 -5.504521146 -19.709561932 -0.382752773 -0.034522347 0.899163060 -0.209318690
-21.319082432 -8.839598995 -24.671745073 0.845520213 0.451271303 0.275228708 0.075491316
-22.739577115 -10.224300895 -32.797311542 -0.039531696 -0.753749369 -0.480450773 -0.446616376
-17.664217198 -5.386862036 -21.999021723 0.348186581 -0.541931798 -0.326947024 -0.691506815
-17.791440398 -1.478089008 -26.796274561 -0.288969779 0.091584724 -0.602848462 -0.738026041
-17.837708016 -7.621152096 -33.678620062 -0.114708822 0.293531517 0.664545473 0.677539998
-26.118255554 -9.379938806 -22.344149325 -0.148233445 0.273681847 0.168263689 -0.935314078
-24.112837826 -7.963716477 -20.635261432 -0.517426092 -0.733509870 -0.422468789 -0.125513473
-17.335952082 0.801042499 -23.992783357 0.102505635 0.976971006 -0.075444408 0.171255336
-13.843653257 -6.951684885 -29.297760501 0.346953533 -0.896873400 -0.086951839 -0.260155200
-27.732034405 -7.939375188 -24.830327769 0.356934084 0.427616287 -0.509347917 -0.655977950
-11.570932488 -9.772250986 -22.672889057 0.006560692 0.568090682 0.719550648 -0.399345463
-14.954382919 2.335927629 -24.856866954 0.871875697 -0.381564593 -0.285065102 0.113925927
-18.803008776 -11.093137296 -25.362960605 -0.087499575 -0.776537935 -0.263099984 -0.565783579
-12.699578800 -1.015281901 -21.903464779 -0.293972338 -0.255832810 -0.773130281 -0.500399246
-13.734580967 -3.979467793 -22.919411863 -0.859423098 0.358686412 0.093956473 -0.352005934
-22.263721261 0.496849068 -27.938615625 -0.452034497 0.824761220 0.320850722 -0.111752221
-21.300295859 -8.846884440 -27.638673582 -0.668963992 -0.137495311 -0.570409647 -0.456305875
-25.809888513 -6.247363067 -22.757141039 -0.745676112 -0.516497736 0.313530152 0.280884440
-16.314182652 -6.956144442 -18.968711241 0.285168029 -0.465583570 0.495657264 0.675451709
-19.232612843 -3.818607652 -34.260141621 -0.468062712 0.137417860 0.538728115 0.686881101
-20.504228627 -7.404714535 -28.584230169 0.202378193 -0.440833339 0.784686846 0.385973558
-20.485194681 -9.932804538 -23.883756325 0.571998096 -0.164062169 -0.101831999 0.797202626
-21.246446958 -9.063133174 -29.876668563 0.296458561 -0.747996087 -0.322629288 -0.498522335
-24.602601141 -0.972374255 -30.784307239 -0.707768653 0.403504551 0.157434458 -0.558087809
-20.604429583 -13.759785315 -22.480803317 0.398347542 -0.584811015 -0.364401886 -0.605414385
-24.947220466 -5.239502024 -22.867122215 -0.244298220 -0.450332056 -0.854047604 0.090122744
