-7.273792531 -25.899769726 -13.861094131 0.443312746 0.845618524 0.254584686 0.153589579
-14.930158806 -14.109961711 -17.851638570 0.899563221 -0.334051605 0.249915470 0.129374631
-12.119147141 -18.135798057 -25.724827057 0.312089845 0.454006815 -0.833434424 0.043183335
-8.948804531 -23.992972361 -10.748418732 0.259880325 0.002338915 0.945536896 -0.196001849
-17.978918171 -18.388341690 -18.261974042 -0.302900289 0.001807624 0.731145784 -0.611288794
-16.567643164 -31.694626913 -17.521149003 0.853936975 -0.503409213 0.083970537 -0.101586198
-23.212313704 -21.759557217 -17.091729684 0.153110510 -0.981305594 0.116601990 -0.000692328
-18.307430332 -27.803508990 -17.988838997 -0.105575331 0.717627961 0.364972810 -0.583659838
-14.634687036 -21.758371797 -18.966797391 0.494966253 0.483927060 0.405120442 -0.597244034
-16.613308256 -28.128675153 -20.197842653 0.549638142 0.718087099 0.316274678 -0.286738835
-10.501553093 -20.866860546 -15.735235153 -0.533124849 0.215735438 0.210492205 0.790524603
-8.509119096 -21.771360590 -25.228242280 -0.516508603 -0.448739577 0.726140569 0.067613088
-12.753057702 -15.244895997 -21.621127424 0.023491435 0.143932582 0.944208328 0.295300183
-12.541793674 -20.439329469 -9.809350421 0.109645273 0.131184720 0.469147081 0.866411853
-9.856521749 -28.251911176 -23.785246544 0.676564833 0.473625559 -0.185052785 0.532629630
-12.405028650 -33.879890881 -18.309834874 0.364828607 -0.901679151 0.134625986 0.189078397
-13.297300208 -14.493202587 -19.373055053 0.367835435 0.614092895 -0.399993542 -0.572356685
-14.146734619 -18.252073215 -20.212688072 -0.144401042 -0.295939200 0.021073923 0.943993760
-13.815191398 -29.010073129 -17.720186838 -0.235935548 0.912147634 -0.332310641 0.043482755
-10.823756780 -20.761106140 -10.523561579 0.152888259 -0.620263713 0.571455079 0.515108920
-11.921282058 -24.400038636 -13.955296186 0.184840169 -0.678679435 0.129790485 -0.698843878
-6.284287636 -22.948998419 -20.082734769 -0.168901058 0.660564654 -0.438950283 -0.585191781
-8.026893477 -28.057642432 -19.583254632 0.287015582 -0.319359652 0.054822924 -0.901457662
-8.793687937 -24.186313920 -19.001664463 0.668393626 0.113405794 -0.543475733 0.494998197
-22.167935274 -22.390802103 -21.590227455 0.773270692 -0.085118802 0.574461982 -0.254559733
-18.794380864 -28.934709599 -13.185574491 -0.607744746 -0.743846089 -0.276708288 -0.027782059
-16.586229488 -18.918993498 -22.055336547 -0.455408368 0.508455209 0.622703619 0.382513689
-10.593052587 -31.510327649 -22.799256186 0.441131809 0.637492843 -0.266666671 0.572620720
-16.967295437 -22.726284493 -22.675569704 -0.033331694 -0.769795080 0.625170637 -0.124363210
-11.874093903 -18.040844797 -15.201948408 0.858224620 0.395954419 0.083961803 0.315627971
-15.217230019 -19.954238226 -18.912865567 -0.549545530 0.812833946 -0.186113486 -0.051598991
-9.151556638 -31.510676920 -20.201721366 -0.141440288 -0.651610141 -0.596099507 0.447285419
-19.195630220 -30.124742305 -14.016301523 -0.044677567 0.006065631 -0.794568789 0.605497781
-16.202190326 -29.927145032 -14.516198003 0.360380027 -0.203089356 0.686957969 -0.597469412
-18.983592393 -23.684963992 -19.100336921 0.219989243 -0.826331611 -0.370684491 -0.362455251
-7.114522565 -30.784581703 -16.283350011 0.657168777 -0.517826504 0.339416343 -0.429862136
-13.503092979 -23.940701083 -12.442658890 -0.899029063 -0.227106678 0.354087262 0.121620357
-18.109597789 -23.855721557 -22.783133103 -0.767439266 0.136406698 -0.621594368 0.077785778
-8.288481648 -31.361790865 -19.612532271 -0.247644324 -0.733441669 0.324695199 -0.543423071
-20.730986562 -27.043617532 -13.473276521 0.564641506 -0.669609737 0.442827830 0.191588839
-12.498507136 -21.492825074 -19.167538377 0.133333209 -0.023627899 -0.273030854 -0.952427494
-16.551763921 -22.882281304 -24.337174462 -0.301824459 -0.395651012 -0.338260103 0.798712950
-6.673497450 -17.610101820 -20.149990788 0.533183457 -0.151346450 -0.801552129 -0.224329753
-18.729503165 -26.132679316 -15.530511128 -0.068169739 0.997231492 0.024990575 -0.016053342
-8.389967796 -28.746837225 -17.131910170 -0.017749477 0.472867375 0.345143964 -0.810528868
-5.720263721 -19.786196095 -16.403752716 -0.832179459 0.156562532 0.019696195 -0.531580268
-13.323255704 -28.130217959 -21.981674038 0.133098638 -0.271982433 -0.047694799 0.951858978
-9.646814973 -23.325523784 -14.861170041 0.234869817 -0.061263188 -0.592157007 -0.768396428
-14.981694111 -18.763781283 -25.681584756 0.835486408 -0.094146952 -0.066338472 -0.537306263
-8.311945192 -19.607828769 -14.077941358 -0.315034044 -0.312038174 0.544357736 -0.712081726
-12.968501853 -18.340291880 -17.039163853 -0.297017033 -0.240487020 0.640400379 -0.666208849
-8.929481648 -25.901847954 -24.672655800 0.734384037 -0.575407809 -0.318946071 -0.166911185
-16.664714015 -31.524864247 -19.205763282 0.574038892 0.443077943 -0.509162034 0.463589592
-19.769269820 -19.089545806 -19.002145522 0.380169290 0.888395993 0.120166483 0.227560733
-11.852908415 -27.519592187 -16.137946962 -0.172209641 -0.128916852 0.486306311 -0.846894596
-10.367131857 -29.881792686 -17.561092699 -0.370080375 0.830779253 0.042885768 0.413530119
-16.740406397 -20.516100424 -24.181912231 -0.554647067 0.382242871 0.453177968 -0.583855074
-20.767115609 -26.575536017 -13.131682063 0.308021268 0.787734939 -0.249052078 -0.471772856
-14.932597114 -21.809245336 -19.520432995 0.101087853 0.134495127 0.894438860 -0.414332515
-9.675996315 -18.989873084 -17.496981741 0.632735884 0.319953175 -0.600109956 -0.370328648
-16.901279453 -24.685081269 -23.509607046 -0.116334949 -0.755103469 0.429926828 -0.481090276
-19.159698090 -23.460117319 -16.387110304 0.335482834 -0.595947090 0.453854173 0.571239638
-10.311852939 -27.589495860 -14.370475688 -0.334367883 -0.159282753 -0.928825118 0.010536738
-21.476654964 -28.955770142 -16.119800086 -0.645986012 0.639723014 -0.133107896 0.394637588
-20.062514234 -27.633944986 -20.523652417 0.772071827 0.563917208 -0.061243888 0.286621114
-6.060283294 -22.119799105 -17.284377516 0.485818377 -0.432774750 0.356076788 0.670742753
-11.756951102 -17.262942670 -24.383309542 -0.176706303 0.268842047 -0.571508304 0.754902043
-5.627198191 -20.895541784 -17.660192528 -0.557202291 -0.442349284 0.538024396 0.452086792
-11.198771359 -25.412822017 -16.828222779 0.079466027 0.845958053 -0.366383153 0.379214331
-18.326025709 -22.941853132 -11.110983605 -0.204499673 -0.249297641 0.933572075 0.156440885
-15.418770968 -27.092352227 -11.325337641 -0.641383810 -0.693004554 0.283320105 -0.167634168
-21.135126853 -22.614661449 -17.465553168 -0.922499621 0.355967702 0.021975210 0.147643267
-13.567224730 -21.512809510 -27.457240064 -0.381131053 0.673175637 -0.437231505 0.458696297
-7.126599242 -19.992490085 -12.807046986 -0.618852896 0.587323747 0.047646040 -0.519424455
-19.826953141 -31.445928211 -17.986580126 -0.441602757 0.339700537 0.816656245 -0.150542776
-11.038847614 -15.584058184 -14.578916579 0.217706676 0.821483272 0.513728895 0.117693074
-19.182336455 -18.986250003 -19.968657405 -0.699442065 0.665021000 0.233699738 -0.117950414
-9.325385117 -25.908187319 -23.964230804 0.047440573 0.595450275 0.793523371 0.116228319
-8.854874796 -26.121600182 -15.791787139 0.775312983 -0.325877162 -0.452402356 -0.296691696
-18.486717093 -27.040795297 -18.584892882 0.136771527 -0.949543239 -0.083457446 0.269622034
-17.252953379 -20.306049717 -20.174383679 0.284397290 0.497331315 -0.396897127 0.717113948
-16.243274646 -18.850873815 -14.898561113 -0.830968895 -0.465783031 -0.303087771 0.025974345
-10.316643615 -18.304737698 -22.518916496 0.758562693 0.194812119 0.618239633 0.066412610
-13.077798774 -24.532734346 -17.416953367 0.235538886 0.446406634 -0.086446054 -0.858935172
-15.470453336 -29.597852468 -12.231245306 -0.476770796 -0.587032186 -0.455575071 -0.469610663
-13.896093826 -17.210898753 -19.778319343 0.978834382 0.076068654 -0.073869050 0.175043357
-7.032486578 -26.136235695 -21.649733800 -0.198862580 0.465392507 0.668047407 0.545505409
-22.253336245 -25.857586161 -22.243799222 0.649591990 -0.204724878 0.729661909 0.060921832
-12.598415863 -21.285154338 -10.413063205 -0.774668471 -0.148484383 -0.043143765 0.613171888
-21.894215539 -25.903256596 -21.852319514 -0.215636654 0.751453592 -0.252203639 -0.570273318
-14.711050086 -33.320440598 -14.992221832 -0.837746202 -0.150239502 -0.268259249 0.451271946
-11.629749370 -18.173671176 -20.983944514 -0.650717051 -0.608604584 0.075227670 0.447781841
-12.469890887 -25.906562955 -10.466101844 0.013168946 0.566489015 -0.621433851 0.541051517
-16.049043244 -25.173815649 -22.966572467 -0.058230975 -0.122787666 -0.720351007 0.680166721
-8.178025293 -28.425146486 -23.060562005 0.587104388 0.063732122 0.806065632 -0.038792400
-14.751403071 -25.114189316 -19.706338184 -0.860929095 0.173207731 0.145576423 0.455639858
-7.702491510 -27.377232430 -16.412044113 -0.463463975 0.435250010 -0.757288872 -0.149238523
-13.481893793 -14.948347798 -18.007739663 -0.279895649 0.402436482 -0.870201061 0.049531976
-22.231254937 -28.240724739 -16.713108939 -0.321090478 -0.516576332 -0.694086306 -0.385089597
-17.921247136 -25.384685030 -16.093357788 0.064361129 -0.037868262 -0.307378770 0.948652693
-8.866192040 -20.354736548 -12.401979331 0.456697318 -0.206067931 0.010025311 -0.865368743
-19.119378949 -17.706770132 -15.628664833 -0.227368587 -0.198748703 -0.858763524 -0.413917489
-15.883110932 -31.245153406 -20.238208115 -0.196184910 -0.876377192 0.051303350 -0.436855199
-12.632690860 -30.939426149 -22.428327938 0.205259157 -0.774118963 0.571578941 0.178622571
-4.456229849 -22.588510468 -16.554063913 -0.626057897 0.036544066 0.474361214 -0.617816704
-6.915119788 -27.170561278 -22.987008272 0.065406653 0.225995488 0.692644749 0.681829349
-7.484552470 -19.869163940 -13.890356863 -0.606030216 0.107487522 0.773903842 0.149153118
-11.593688367 -22.131821244 -14.330217122 0.283629548 -0.222486053 0.531914452 -0.766238378
-18.501798991 -28.354020720 -19.521282914 -0.320041352 0.460917665 0.816336102 -0.136834967
-16.214449712 -19.544640607 -14.791281730 -0.618863990 0.235797936 -0.290347694 -0.690727813
-19.186195351 -19.368784504 -14.568964031 -0.697826276 -0.249452865 0.550202883 -0.384822742
-18.312470461 -18.729835967 -16.468372305 -0.472291011 0.573192443 0.286945620 -0.605023831
-19.088897920 -21.171341584 -17.315124730 0.493021444 -0.533417174 -0.505844140 0.465314602
-23.876059314 -25.847713734 -18.200204496 -0.747540738 -0.056477486 -0.260518442 0.608377580
-19.729982677 -30.979727337 -16.702475752 -0.666291735 -0.442161490 -0.382761737 -0.462646726
-17.518346261 -23.452686586 -27.370333584 -0.254276711 0.190692802 -0.023471306 -0.947854792
-17.034505917 -27.022317600 -23.356925190 0.215418164 0.003437951 -0.874904528 -0.433734091
-14.986749616 -15.708743278 -19.461725513 0.435213545 0.574363646 -0.591989777 0.360892888
-7.851757926 -19.903668798 -23.579112511 -0.016669842 0.518288887 0.841542163 0.151345746
-19.313302145 -27.700643328 -15.009265164 -0.387796283 -0.228309431 0.829697607 0.330288854
-21.749470900 -22.991070675 -22.240353494 -0.705886440 0.529709937 0.418286797 -0.214867105
-19.857960577 -23.101820712 -18.973009053 -0.402149227 0.435549005 0.065083741 -0.802706155
-21.411836126 -23.283623500 -13.634689286 -0.185864588 -0.646751950 0.646794290 -0.358919790
-12.511947638 -22.603351996 -26.151486910 0.917960218 0.349086576 0.148366346 0.116081990
-17.255019571 -32.567099339 -18.281988574 0.157286746 -0.768928310 -0.240232034 -0.571225615
-18.079622351 -32.931683160 -17.138683176 -0.609783461 0.781311669 -0.097084252 -0.091054135
-20.376552514 -20.575969895 -24.163206821 0.032407077 -0.383180829 -0.643655943 -0.661686679
-10.484708177 -21.482651614 -25.888918106 -0.119985573 -0.160345846 0.497568488 -0.843989498
-11.101529661 -28.930967708 -23.443253698 0.189518091 -0.448830254 0.444693492 0.751586319
-16.241513218 -17.834846630 -16.756085611 -0.003194272 -0.639357477 -0.700518978 0.316993650
-8.708258675 -16.180777381 -20.362509342 -0.793833186 -0.032740856 -0.112738723 -0.596696648
-18.213954931 -16.938461655 -21.083817994 -0.270176389 0.219591848 0.029482418 -0.936971145
-19.392420820 -23.125532803 -18.958235984 0.024697702 -0.265533665 0.958812059 0.097782060
-11.159565977 -25.864297616 -20.440602665 0.326431175 -0.823203598 -0.060448058 -0.460569817
-15.417111730 -21.367722854 -16.679892121 -0.630369240 -0.046159861 0.650325646 0.421402946
-11.896247037 -21.586640340 -24.423212419 -0.149920333 -0.313439387 0.687254724 0.637934627
-16.003648661 -22.574362592 -16.329441858 0.768194764 0.472170127 0.079281381 -0.425025456
-19.748338085 -26.493903694 -11.129135104 -0.647120223 0.098679783 0.651923417 0.382744793
-19.918533011 -21.845461912 -14.630505044 -0.368087475 -0.465156446 0.644940318 0.481864169
-7.400913633 -25.506909128 -17.280806430 -0.144352417 0.987154335 -0.025811764 0.063422806
-16.278662509 -20.393941823 -22.578159040 -0.085103384 0.992857706 -0.080318674 0.023235744
-16.453133634 -14.836690286 -15.703324234 0.560256009 0.093677018 -0.774996691 -0.276980052
-11.897453691 -23.987483635 -27.216910377 -0.349367235 0.115621011 0.929763606 -0.010674919
-11.418495694 -28.820032276 -25.869894809 0.501814370 0.133929900 -0.611809919 -0.596601829
-12.884760116 -23.507949326 -18.473471665 0.629771890 -0.170899148 -0.541725018 -0.529825304
-15.840963899 -26.435035259 -15.856094033 0.409694192 0.839987111 -0.345207240 -0.086048150
-5.342509955 -25.205211040 -21.863669414 0.242022428 0.656664963 0.103064517 -0.706819621
-12.835141672 -17.254500206 -20.162982629 -0.099692526 0.659519154 -0.744873457 -0.016106510
-12.356970132 -29.448360651 -21.042394835 -0.207688055 -0.924526603 -0.146792888 0.283845170
-5.297640106 -24.511624034 -20.390801898 -0.638227009 -0.465950591 0.297445155 0.535801000
-17.203794815 -31.177558052 -19.970398594 -0.069468789 -0.501755092 0.326056870 0.798187217
-20.619277433 -25.504923003 -18.200954605 -0.219635497 -0.250686099 0.366616510 0.868624811
-13.354693687 -22.836501293 -9.845505635 0.147356127 -0.843992696 -0.470576272 -0.210998752
-14.777588238 -19.613229925 -12.807403628 0.134400614 -0.668925352 0.714779052 -0.153513045
-17.379246028 -32.128806799 -19.272419285 -0.553412248 0.316713922 0.220864384 0.738001422
-10.593897346 -17.074553428 -15.010596865 -0.093720199 -0.236569979 -0.035785670 -0.966421521
-20.540140137 -18.376225635 -13.679141052 -0.172677781 0.771225875 -0.094763174 0.605320555
-14.863136695 -18.776617487 -20.777078763 0.379800436 0.745606413 -0.213806446 -0.504092759
-7.764689086 -27.748961224 -13.390313167 0.405189466 -0.082655227 -0.461291675 -0.784983822
-20.875673247 -25.141803420 -17.273554044 -0.199917974 0.167608466 -0.870706409 0.416905932
-8.387206712 -19.904185673 -15.802240989 0.577434048 0.722826096 -0.372325542 0.073932720
-6.381312892 -23.768228616 -24.568355609 0.756416976 -0.276827075 0.590305908 0.052336063
-14.655733599 -28.612741538 -20.386563102 0.591695413 -0.561439342 0.129615480 0.563810457
-11.198180399 -21.229585166 -24.118530746 0.743875010 0.018751989 0.286707315 0.603404713
-13.470465233 -32.995347022 -22.224111153 0.257706328 0.495887853 0.684648028 0.467909995
-8.536733691 -20.420966156 -23.422995431 -0.958108414 -0.193628387 -0.014492486 -0.210538077
-13.287216457 -29.361414697 -22.898099102 0.693156242 0.018759739 0.205495252 -0.690618707
-16.241091231 -23.050316095 -21.883040848 0.207181007 0.862871796 0.215753398 0.407404916
-16.402476694 -28.270519579 -18.732527236 0.443382367 -0.597602528 -0.515477274 -0.424931142
-9.220136139 -28.395298741 -23.041437186 0.705094402 0.437731626 -0.354216637 0.431002880
-5.948356781 -25.007442532 -16.019334721 -0.101648761 -0.666094492 0.681992468 0.284379905
-16.563021755 -28.923099319 -22.458420118 -0.506269319 -0.694680855 0.283473558 0.425150123
-14.286462971 -22.448883844 -13.007331972 -0.614839071 -0.509000765 -0.489472868 -0.351151604
-13.208052608 -18.282214288 -18.154700771 0.104652948 0.751813155 -0.083651594 0.645621523
-23.229512680 -26.771134416 -20.124573532 -0.856173346 -0.263646565 -0.313331822 -0.315088654
-20.940624451 -19.539177729 -14.384522044 -0.297783780 0.469549147 -0.237808101 -0.796426849
-21.730931786 -21.394168019 -18.006227486 0.563059171 -0.561116635 -0.316925028 0.517369326
-15.215611915 -20.622190025 -10.315401791 0.840825764 0.267765311 0.291256418 0.369436696
-10.720159165 -23.005371404 -10.592051317 0.131697419 -0.361187226 0.641430463 0.663902507
-15.951122446 -21.027818067 -14.883063431 0.235565727 -0.333509010 0.324984753 -0.853033082
-15.424364160 -21.137345874 -25.201130645 -0.494160409 0.569728024 -0.518342255 -0.403158500
-17.658538999 -18.062343149 -12.088764817 0.258152218 0.458126716 0.063513439 0.848200087
-16.825277603 -23.718375806 -9.530954445 -0.101888223 -0.272247276 -0.864980872 -0.409033375
-6.969465442 -23.861668608 -22.826284695 -0.954371297 -0.035863118 0.138430621 0.262156877
-17.104240574 -19.688763895 -14.849024280 -0.375531375 0.028279953 -0.318441227 0.869926213
-15.885862177 -23.894251928 -13.339585863 0.365181274 -0.304115708 -0.681368414 0.556680660
-13.846994815 -25.138620451 -13.486379026 -0.128424237 0.575282899 0.482895420 -0.647586917
-12.027977278 -30.981429101 -17.546534589 0.256577782 0.280161756 0.457253263 0.804112359
-9.336765416 -18.614464356 -17.745734031 0.576212564 0.220231681 -0.391257938 0.682930680
-22.270191404 -22.182740383 -21.624629989 -0.263345616 0.087470220 -0.922155668 -0.269493918
-11.892723284 -21.699701819 -15.090149774 -0.174879644 -0.956221209 -0.138463327 -0.189436049
-18.420590749 -20.999674402 -14.550984213 0.631111405 -0.690422472 -0.181379498 0.303507300
-13.011596709 -14.656230052 -21.679618685 -0.321786696 0.438066927 0.577776468 -0.608871943
-8.417787536 -30.314406177 -15.658829293 -0.249796748 0.773868161 -0.404177207 -0.418772539
-10.599225250 -23.928737591 -11.169942292 -0.003946661 -0.487274527 0.733833581 0.473324660
-23.537909395 -21.938203293 -16.989452469 0.088671515 -0.944145346 0.311336610 -0.061615289
-12.269969505 -17.265800639 -19.765104354 -0.334508785 -0.378177140 0.078571646 -0.859600151
-12.841810513 -28.405341577 -22.847941525 -0.065349712 0.400594150 -0.823190176 0.397003371
-14.689602126 -25.026925248 -10.584173412 -0.672416711 -0.681901870 0.109198435 0.266348097
-14.442962363 -25.789388609 -15.637612711 0.056620240 0.222067204 0.897114545 0.377711263
