-5.037034202 -5.598806737 -35.995143250 -0.879752591 0.379348837 0.271007294 -0.093192732
-10.475112905 -12.815456570 -29.489844732 -0.722146251 0.196619256 -0.574790919 -0.330848998
-12.042487977 -10.069502455 -37.781698998 -0.115368886 -0.093691819 -0.946350784 -0.286935631
-8.630458468 -3.877637871 -30.048525782 0.779319938 0.454646273 0.204702543 0.379544555
-9.179368169 -3.232922654 -31.175451167 -0.568449237 -0.014499381 -0.180795303 0.802476350
-11.838876949 -6.517463161 -29.598798583 -0.580239919 0.500846451 -0.154060510 -0.623490038
-1.438605746 -14.960502207 -27.954109048 0.855612359 0.330709708 -0.369746222 0.147804981
-2.220778157 -10.517283111 -35.111667595 0.433253125 0.643194077 -0.602458585 -0.188777016
-2.062910439 -16.500835499 -33.340005488 -0.934476236 0.121188794 -0.301342231 -0.145809124
-6.186875467 -4.687178772 -38.161573537 -0.530529456 0.134075727 -0.800936618 -0.243028247
-14.168856742 -10.501656653 -33.239941582 0.001930707 -0.790560508 -0.605780658 -0.089666887
-8.800601856 -5.740271778 -31.027180262 0.417223610 -0.874145950 0.206404262 0.138530132
-6.620660166 -5.822152442 -34.371357498 -0.739160714 -0.111160267 0.046396010 0.662670540
-10.362181760 -6.051934574 -35.899117848 -0.075874580 0.617299407 0.044630437 -0.781788088
-14.795747294 -14.105561887 -32.162576832 -0.107147213 0.242577171 -0.791125350 0.551177350
-8.394635319 -10.950754618 -34.037316844 -0.586480823 -0.748701864 -0.300365606 0.072569046
-5.733509254 -16.856687171 -40.796082083 -0.509259665 0.502295909 0.693791206 0.083708877
-6.395624157 -8.547802999 -30.116734677 0.876573370 0.274658247 0.245158689 -0.309966435
-14.438238056 -12.905578025 -30.019192174 -0.127553001 0.028526664 -0.313774032 -0.940458568
-7.701682494 -7.138490038 -42.291367582 -0.278747166 0.604610261 0.682329700 0.301948059
-10.152127802 -16.343872553 -32.122998083 0.815853050 -0.494037069 -0.128880154 -0.271479430
-6.328355377 -7.756200343 -24.747233978 -0.663490597 -0.444486106 -0.179296842 0.574512813
2.450912885 -12.260699855 -28.141596367 -0.168314516 0.415573379 -0.163231002 0.878820022
0.358588491 -17.943926061 -32.463472659 0.464497586 0.590361372 0.418135015 0.510762716
-11.071807023 -10.819578947 -38.362992916 -0.057072369 -0.787610205 0.613115844 0.022402469
-11.838666545 -17.404848946 -29.774148776 -0.382006877 -0.511517803 0.616071157 -0.461385535
-5.211198101 -1.916171959 -35.583276849 0.676154843 -0.637384708 0.058810810 -0.364824137
-2.422653699 -4.956263104 -38.957430638 0.727562308 -0.671403324 0.133788015 -0.044400802
2.013751981 -15.533317616 -31.190127897 -0.355132036 0.433760047 -0.415601251 0.716246507
-1.763759598 -5.089082656 -27.061559630 -0.644700659 0.674608124 0.063569004 0.353869921
-8.977325843 -17.216970703 -40.066983092 -0.550293387 -0.373675855 0.738792378 -0.108302192
-0.358740731 -10.764727562 -38.048690781 -0.176639661 -0.311364516 -0.595791204 -0.718946041
-5.627185282 -15.219391252 -33.106505661 -0.674541546 0.382098187 0.565160940 -0.282113080
-13.401596105 -8.987654720 -35.073234956 -0.706567358 0.599040057 -0.007417244 -0.376641159
-10.168554105 -18.059598424 -32.226986374 0.710119213 0.673580648 -0.061335170 -0.195596040
-15.130986235 -12.650881907 -32.861023720 0.390764677 -0.750599678 0.275958190 -0.455796191
-2.630184196 -15.377861265 -40.477171979 -0.603588933 0.477228250 0.636998694 0.046543115
-2.908807921 -8.932694688 -37.013129520 0.447035181 -0.302886794 0.652946512 0.531112031
-2.946344052 -7.682781911 -31.505872030 -0.365247105 0.346794127 0.850506252 0.151550325
-4.876181623 -13.078591452 -30.650142940 -0.805782395 0.117579756 0.579922137 0.024084172
-5.208929440 -12.975229219 -36.664401875 -0.951992787 0.163832401 -0.036844900 -0.255951422
-6.014045046 -3.416919490 -30.448762476 0.498738394 -0.057035005 0.862362349 -0.065865027
-1.010592257 -9.237432544 -36.191987895 0.539112226 -0.410045486 -0.707785474 0.200650018
-7.464142403 -15.285985427 -28.281519047 0.501869844 -0.490326777 0.022889871 0.712167372
-8.738410207 -11.382842864 -35.134798827 0.233981662 -0.032436402 -0.281560584 -0.930012956
-2.302818515 -6.880456972 -37.221096296 0.928842996 -0.304747929 0.083706649 0.193319904
-3.882879495 -19.825828780 -36.270821564 0.516020992 -0.509034969 -0.645543173 -0.240582103
-10.087738663 -8.649224470 -33.726999925 -0.486271182 -0.133756209 -0.708865480 0.493111899
-5.059380047 -3.275891278 -36.117703248 -0.292374692 -0.854165464 -0.427683076 0.044783778
-2.101528512 -12.524815113 -41.983454170 0.727042810 -0.384497430 -0.504144301 0.263455884
-7.354257788 -11.183308713 -24.825139244 0.306744027 0.801662111 -0.336670006 -0.387168270
-12.355243888 -10.244226568 -39.603940983 0.089375202 -0.912807908 0.366567937 -0.156274579
0.059164130 -6.828458312 -34.237448042 0.458338011 -0.110219063 -0.301878179 -0.828642017
-11.695740446 -11.555892313 -34.331470284 -0.266736044 -0.094544294 -0.815098659 -0.505497216
1.656910727 -4.496880104 -31.233329013 0.208561779 -0.039655610 0.956784720 0.198726991
-3.802584380 -2.217184900 -29.537773092 0.081379643 0.952737467 -0.068803592 -0.284490312
-8.867636051 -18.948294904 -31.136619978 0.555592068 0.707738593 -0.303534801 0.313512621
-10.186550208 -10.440225789 -41.313335996 -0.744078213 -0.007071181 -0.580533193 -0.330573476
-12.929411856 -14.000120538 -36.744900309 0.865872488 -0.464509971 0.050225701 0.178809121
-12.073217365 -14.428675342 -27.307699930 0.432498484 0.285338214 -0.485794542 0.703939506
2.560261194 -12.710500919 -34.042558040 -0.065139908 -0.533802204 0.528074676 0.657228374
-6.138892793 -10.881994411 -28.162734236 -0.479665814 -0.613531980 0.627273220 -0.005246330
-5.534340742 -12.727864587 -41.424425059 0.507366826 -0.353302247 0.680825850 -0.392724571
-4.786880060 -19.966346124 -32.174213575 0.798690880 -0.001118664 0.537984493 -0.269563188
-5.739268294 -16.655186578 -26.274037773 -0.012838179 0.796635118 -0.600260325 -0.069965793
-3.062118959 -11.948428512 -40.502546788 -0.902330911 0.253162354 -0.139687337 -0.319679836
-12.032217617 -4.688626200 -31.670153108 -0.918264003 -0.121466578 0.376846664 -0.004866531
-1.436567169 -7.056121286 -33.015679849 0.502127607 -0.337418291 0.535085065 0.589661544
-4.442897265 -5.175646843 -35.931092678 -0.367839677 0.397965171 0.821274280 0.178399138
-9.645795163 -7.470548764 -30.792349628 -0.021465317 -0.617836834 0.288523359 -0.731143732
-11.237437073 -14.556435389 -28.513666776 0.277875910 0.952786860 0.121611967 -0.013881894
-6.482389252 -13.165355449 -38.581727056 0.526505026 -0.202942413 0.514171709 -0.645936752
-3.945803205 -11.211296666 -40.157955687 -0.089152271 -0.216559443 -0.919681443 0.315182365
-1.466990986 -13.645315716 -38.181403488 -0.995051858 -0.071377455 0.053425498 0.043849452
-13.944530397 -8.095281320 -34.191185550 -0.051389504 0.172622371 -0.269457724 -0.946019646
1.880638196 -12.822161679 -34.448004976 0.821589892 0.351622572 0.431705599 -0.122400539
-4.048371968 -2.069926717 -30.142130960 0.455099523 -0.596681862 -0.038800443 -0.659810355
-3.971486493 -6.106853678 -30.627534396 0.109562437 -0.298390470 0.911737769 -0.260179630
-6.678746098 -19.114546348 -36.072530863 -0.464932690 0.508689012 -0.212188624 -0.692855736
1.663149743 -10.794348763 -36.257838421 -0.300035986 0.195257369 -0.017722112 0.933562475
-0.067926337 -10.098103846 -28.797724868 0.168375455 -0.313725105 0.082842311 -0.930786450
-13.708525475 -7.938942223 -35.664791262 -0.044912941 0.763012026 -0.638887216 -0.087284603
-10.027953028 -7.914670643 -34.913291287 -0.198891681 -0.955056285 0.192334408 0.106381702
-5.216779149 -7.075641067 -29.594964435 -0.267851469 0.445575391 -0.524687674 -0.674107563
0.856167237 -13.061255416 -26.749629881 0.339007597 0.319181493 -0.781012173 -0.416193477
-4.293729776 -3.104627665 -37.455688091 0.723537005 0.660159195 -0.188618320 -0.071464452
-2.384328109 -11.514108876 -34.223651610 -0.402534369 -0.366929019 -0.569897695 -0.615260753
-2.935245125 -10.823383381 -31.150102350 -0.024726557 -0.389181036 -0.263492055 0.882325708
-12.422096540 -13.909322109 -32.090984973 0.388399313 -0.228688042 -0.674221535 0.585041088
-1.255893014 -15.612905010 -31.873011076 -0.064330096 0.436032394 -0.896852687 -0.037318212
-5.434704065 -5.065657399 -32.496262071 0.446438449 -0.280501273 0.594288348 0.607316315
-0.240553222 -13.534354595 -29.016698080 -0.024285908 -0.741394999 -0.669051993 -0.045968257
-9.970331511 -18.077298516 -32.960134511 0.705904759 0.196665626 -0.481904055 0.480405646
0.413009726 -13.922981984 -31.260374394 -0.268236854 0.642102353 -0.708021383 -0.120246745
-7.706712865 -7.062116176 -39.542839060 0.677197102 -0.448554571 0.271826249 0.516055590
-8.219806742 -7.310576017 -31.780822245 0.099959402 0.559301530 0.010501929 -0.822848483
-10.859205796 -8.990748255 -34.349611870 0.843321244 0.527091385 -0.062533368 0.084104276
-1.724294312 -11.333183245 -24.952083408 -0.740527325 -0.584667614 -0.315544034 -0.101069409
-0.243833885 -5.961300454 -37.148417108 -0.555062463 0.672989810 -0.020402893 0.488440477
-13.128538115 -11.532583441 -27.568858136 0.127193346 0.755059779 0.473268589 0.435572526
-1.413907045 -12.151088581 -41.662281817 -0.172386011 -0.424836172 -0.440504368 -0.771850498
-10.727640537 -16.237644001 -36.969830373 -0.591063698 0.717874880 -0.047909270 -0.364697223
-2.152820191 -5.645452120 -32.314143762 0.274332476 0.170225843 0.329553628 0.887219962
-1.174176359 -17.641634197 -32.147897041 0.532519322 0.402029712 0.738728491 -0.095265411
-8.315469639 -9.945149293 -26.872969412 0.232465176 0.496294932 0.752027482 -0.366204791
-11.057490883 -14.146956279 -40.348238674 0.177928884 -0.920658870 0.336985338 -0.084672542
-9.120978160 -15.963521904 -30.077098755 -0.126105274 0.167364504 0.760499674 -0.614594849
-5.731599296 -14.440422716 -38.948216940 0.325868907 -0.873719702 -0.056245751 -0.356734850
-2.455143557 -3.628340579 -35.555855371 -0.007935489 0.407903123 0.912902891 -0.012664188
-6.328682246 -18.411150229 -31.990411306 -0.364787480 -0.413808643 0.600625166 0.578741662
-12.315949808 -7.743844678 -38.500626885 0.468337923 0.168443732 0.086230453 0.863047280
-5.543446458 -17.362615777 -29.901578911 -0.387829257 0.165958146 -0.528147013 0.736958000
-2.782511165 -11.152471094 -24.251613003 0.373651884 -0.925875522 -0.053950275 -0.015104810
-1.339461809 -5.569968156 -40.323923590 0.727803622 -0.193525187 0.635294931 -0.171027016
-0.595651364 -8.602037492 -39.074726840 -0.184713289 0.678698800 0.496893072 -0.508277694
-3.613653841 -15.092779057 -41.296824099 0.130646626 -0.045537137 -0.984821621 0.104805546
-9.772557915 -14.716093507 -37.416139854 0.631009316 0.458423333 0.497408402 -0.379815973
-5.059605336 -17.629329828 -35.261026417 -0.683144529 -0.689180885 -0.238830382 0.036101390
-9.803438664 -12.357347611 -42.084341467 0.375208158 -0.820331820 -0.423087890 -0.085271224
-9.553122891 -11.992017216 -36.176587502 0.260385719 -0.377715659 0.088093033 0.884177457
-9.049159775 -8.883717708 -30.255897752 0.329639096 0.534588151 -0.771309294 0.103128794
1.085131533 -7.359661363 -38.947157898 -0.878622578 0.127523059 -0.380437241 -0.258897163
-6.104836827 -13.367847950 -34.358512607 0.084616887 0.741710873 -0.597833856 0.292061030
-5.523236384 -8.542690265 -26.602315816 -0.170603031 0.003107739 -0.660510880 0.731170517
1.698411903 -5.763959810 -30.105860500 -0.206374707 0.957967223 0.152187535 0.128636054
-10.564378369 -12.884057477 -28.066769478 -0.635957726 -0.287650494 0.266049019 -0.664855537
-3.213781303 -10.870956773 -25.649346693 0.494803870 -0.402328678 -0.168266073 -0.751656367
-13.609616004 -10.992289321 -36.636616857 -0.020773892 0.940344782 0.096280266 -0.325653567
-7.607856722 -14.352186644 -31.484371106 0.362251140 0.482087390 0.719159954 0.345217062
-12.883916360 -10.282214737 -34.863668614 0.420148500 0.124462908 -0.853454766 -0.282133276
-7.653193470 -15.972590538 -32.185556242 0.050200927 0.911839560 -0.079966456 0.399542049
-1.809482446 -12.448084843 -39.012969325 0.126633469 -0.989318593 0.062911707 -0.035423202
-1.332449396 -9.744027763 -28.626852494 -0.422477780 0.899705983 -0.062347647 -0.090301939
-8.842888763 -3.005348272 -31.542762352 -0.799506662 -0.281900014 0.324933713 -0.419213026
0.491779520 -11.992909389 -32.102231809 0.168926693 -0.296741244 0.802058821 -0.490010259
-9.935672174 -6.168501051 -29.527725503 -0.580474831 0.437123854 -0.210233482 -0.654044028
-11.955957418 -9.505252153 -31.595900432 -0.636013943 0.108529065 0.723972564 0.244072598
2.320319094 -6.819155442 -30.766001998 -0.567834408 -0.561445571 -0.587919392 -0.129204273
0.001972364 -9.634812113 -27.170423396 0.650868619 0.517932113 0.164651478 -0.530100234
0.835110439 -11.276631754 -37.706297593 0.112517856 0.753331182 -0.635532702 0.126214286
-0.632213896 -9.519403214 -33.686676099 0.747429147 -0.350949021 -0.539783466 -0.163762829
-6.888296030 -11.794754270 -29.434502348 -0.020997661 -0.787385507 -0.396419791 -0.471629633
-10.969216322 -4.289610313 -30.340014152 -0.256515451 -0.251160302 0.913628505 -0.190791197
-9.928017591 -13.770067110 -32.126884164 0.431123120 -0.150517228 0.461330517 -0.760691510
-6.650125884 -18.783851797 -27.978593115 -0.370752365 -0.426563623 -0.305752680 -0.766225462
-8.005270969 -16.057957486 -36.080243645 -0.091276448 -0.524248788 -0.565839933 -0.629807105
-7.780271504 -14.084163711 -30.340223108 -0.919643067 0.381069464 0.064417553 -0.069950490
-12.565191041 -7.506012971 -33.088728848 -0.072481951 -0.659428469 0.067594221 0.745205664
-3.965302889 -16.176203813 -37.097585840 0.059115645 -0.819020898 0.509437630 -0.257261364
-8.056105998 -14.131368381 -34.085703636 0.811462927 -0.313483113 -0.402183169 -0.285490726
-5.781247439 -10.824916752 -40.572650584 -0.005140756 0.599630410 -0.464728378 -0.651494035
-2.561974618 -14.176326499 -25.325191036 0.531432841 0.640030247 0.367349809 0.415926119
-9.192414130 -13.860474849 -41.436116715 0.340432368 -0.638718982 -0.399078699 0.562921004
-13.581543692 -13.670942663 -34.554667279 -0.527394205 -0.656425498 -0.439577855 -0.312621541
-0.479058950 -18.306686659 -32.425179513 0.026143435 -0.861125731 0.246736581 -0.443734219
-8.874573496 -11.624091107 -27.864311552 -0.000656101 -0.774910274 0.300552250 -0.556041349
-1.962366409 -15.664810918 -27.369420816 0.153741057 0.669398205 -0.655643701 -0.313689444
-7.154113153 -3.477475254 -34.753943485 -0.049523036 0.654265780 -0.754239555 0.024626229
-10.141129958 -7.407453900 -28.652948242 -0.094501737 0.316458401 0.941507060 -0.066992224
-7.533437716 -5.286334502 -38.327532446 0.326501036 0.904446254 0.243431481 -0.126945504
-9.038026885 -17.018763665 -26.915609782 -0.524706533 0.647663891 -0.436244390 -0.338976946
-4.993471908 -12.913470568 -24.310795753 0.696197291 0.292869231 -0.595736481 -0.273194052
-7.353531563 -11.610215636 -37.034694652 -0.764454250 -0.133958339 -0.628891204 0.046483506
-8.662646199 -5.954096307 -39.027178745 0.535713566 -0.165746198 0.342211161 -0.753943429
-3.402229456 -11.755168146 -33.962862075 -0.721215351 0.596974183 0.297961619 -0.186250141
-2.734307083 -14.901734320 -32.687382168 -0.707416263 -0.038238671 -0.038535319 0.704709206
-2.362632056 -15.410349576 -27.584900824 -0.704590350 -0.621617646 -0.336690008 -0.061512431
-7.872219172 -8.784600461 -28.572470288 0.437537718 0.749523759 -0.492383103 -0.065831300
-2.131085006 -10.383661231 -41.248341388 -0.639866369 0.302310173 -0.590261629 0.388292157
2.241224792 -12.077484030 -33.370944665 -0.811553008 -0.339612862 0.352528342 -0.319011892
-2.351497873 -9.804615483 -26.037866674 -0.179267002 -0.868619057 0.409984937 -0.212783050
-11.309326531 -15.800507325 -29.306782777 0.178622242 0.950247554 -0.181520378 0.179371215
-2.727321001 -3.490905324 -32.193417427 -0.856150222 -0.115076894 0.330711840 -0.379991823
-4.223660353 -11.127052634 -41.266715515 0.615204526 0.088617530 0.123015675 0.773652033
-4.829249992 -13.031871334 -33.238788885 -0.680755538 -0.597700784 -0.244636981 0.345656502
-0.715193797 -13.281726934 -29.148470732 -0.694277434 -0.355146743 0.032066185 -0.625157096
-1.691223457 -7.471551144 -34.930213958 -0.340923548 0.413659284 -0.298004068 -0.789842204
-6.229774837 -13.846062755 -27.602119077 0.276035337 0.277665795 0.827692784 -0.402033399
-0.685564793 -4.075626369 -32.703840971 0.551916951 -0.326554253 0.564941320 0.519221826
-7.021065399 -4.389454484 -37.349326461 -0.825900207 0.430223633 -0.347030231 0.111204730
-6.212962307 -8.513206435 -36.941151826 0.239252751 -0.272315743 -0.800859659 0.476682351
-8.697698257 -7.233829928 -33.923211773 -0.711143340 0.297744734 0.182932349 -0.610048341
-6.113068333 -11.973452430 -36.756420022 0.558939430 -0.051686513 -0.813527204 0.151949685
1.287191217 -7.935059091 -29.082254506 -0.593857336 0.468795223 0.122698916 0.642269009
-13.758840310 -13.066071491 -38.848730958 0.114083419 -0.018371882 -0.991814061 0.054335217
-3.655005335 -9.842104650 -31.218002357 -0.363419871 -0.111933471 0.891777818 0.245212600
-9.889429427 -15.937208929 -29.448966921 0.154097991 0.006922443 -0.596744736 -0.787465306
-0.229931283 -11.856930786 -34.972893316 -0.956422168 -0.194791066 0.064915074 -0.207603251
-7.820255440 -3.178890337 -38.246512522 -0.554825801 -0.544584817 -0.603609314 0.176780949
-7.754173742 -11.659062966 -32.951192566 0.844681122 0.128022309 -0.232629001 0.464766435
-9.361167448 -6.216986666 -31.311517063 -0.087488946 -0.281683358 -0.925289591 -0.238410030
-1.437919184 -13.752641793 -37.273121160 0.156112016 0.241014720 -0.938362625 0.192396796
-5.840064772 -9.363342623 -41.863505397 0.004443402 -0.941431214 0.318638041 0.110260261
-6.393005065 -6.224455012 -32.417166357 0.266319659 0.863870104 -0.425902472 -0.037541532
-1.866262723 -1.724206183 -32.740550867 -0.319336128 0.613170344 -0.586278955 0.422283736
-0.020142696 -8.865677729 -35.563267819 0.691258149 -0.456510101 -0.439789019 -0.346909670
-5.966202914 -8.892035224 -41.679717640 -0.984086731 -0.015189679 -0.018237450 0.176096491
-3.600057131 -6.229943632 -28.966691879 0.151519540 0.527983932 0.835627683 -0.001082455
-6.854472868 -15.009708031 -39.283394444 -0.174640014 -0.053593911 -0.515204415 -0.837372658
-2.987454138 -4.276586633 -37.811539795 -0.171268676 0.176905532 0.171831158 -0.953858232
