4.013715821 15.236143764 -31.097646001 -0.108316160 -0.983422461 0.048165219 -0.137215101
-10.342915683 16.816002430 -30.866731537 0.862493211 -0.161906966 0.324237257 0.353216359
-3.038182486 11.079133278 -35.397053413 0.244533004 0.912475133 -0.271348206 0.184290237
-1.217936377 15.718036341 -31.418518753 -0.713099646 0.045846824 -0.592673227 0.371652269
-5.297918172 20.521038203 -32.944309202 -0.234311144 -0.624423121 -0.667989792 0.330126781
-7.556042440 15.480609762 -35.506595105 -0.793877359 -0.172680072 -0.445009635 0.376705132
-6.168911982 17.208627451 -32.283483522 0.856953791 0.245146710 0.020738298 -0.452883222
-1.797206590 7.531326117 -36.399532875 -0.531541345 0.238926591 -0.743377721 -0.328279526
-2.088957039 17.961304722 -30.649216609 0.400620174 -0.749515252 -0.093478126 -0.518644582
1.208669172 9.457424649 -23.721718949 -0.533623900 0.405955297 -0.722781027 0.167431824
-0.503922047 14.350598087 -35.370362559 -0.773407160 -0.336817484 -0.445482274 0.299901469
1.861429480 17.058521893 -23.656400945 -0.380819434 0.583408008 0.708233891 -0.114089483
-6.763286745 19.693410038 -22.634535451 -0.525847788 -0.573037981 -0.415586479 -0.471592466
-8.123627844 19.702675039 -25.584878171 0.616068991 -0.486457523 0.597928109 0.162172910
-4.101961194 21.513372772 -34.214768101 -0.147812806 0.020547251 -0.638413551 -0.755087626
0.310896955 14.033589546 -21.962714228 0.848456375 -0.493694191 -0.051761250 0.183599015
-2.278580745 13.997849115 -35.167980696 -0.116241624 0.757247291 -0.555297122 0.323588520
-3.170222375 15.837709003 -20.593030776 0.098560173 0.137082144 0.781373522 0.600790976
-6.126115765 16.934769332 -31.707947774 0.283458532 -0.723781667 0.608225367 0.160789494
2.737987045 14.428978414 -23.172598232 0.515779168 -0.343389910 -0.752693111 -0.222504609
-2.109406166 13.387755175 -32.743427829 0.360614754 -0.814095101 -0.000837370 0.455198269
-3.176065003 17.447726011 -33.541654414 0.687783419 0.385180170 0.193883689 0.583951471
-2.530835114 17.730704111 -33.763321403 -0.213534523 0.593076509 -0.173738381 0.756622916
-2.499995454 20.560432623 -27.512390633 -0.032942383 0.313222806 -0.173450803 0.933124371
-9.347361160 9.551123978 -27.499866473 -0.583242340 -0.581420403 -0.457251631 0.335707662
-6.192616806 5.175529193 -30.924157038 0.279690798 -0.589963832 0.030944233 0.756807895
-7.159371125 18.759326429 -35.967364908 -0.180219970 -0.579446816 -0.045483681 0.793532220
1.872749853 18.275221584 -31.149125986 -0.605142433 -0.167303876 0.721695992 -0.291490898
-11.053530218 16.663676035 -28.208768580 0.685638733 0.617444413 0.114302319 -0.368234850
-1.318510441 13.171475435 -22.552708916 0.545338015 -0.264640516 0.213425522 -0.766173214
-11.525459486 17.291016040 -33.093974158 0.458854064 -0.670348181 0.236624650 -0.533005665
-4.014869445 5.214302524 -34.201322578 0.272151777 -0.396602958 0.259538089 -0.837424316
-1.332392192 16.764648614 -36.259014212 0.373107679 0.681518471 0.614998308 -0.134537409
-7.704834064 20.873014501 -30.829616028 -0.680969848 -0.186871752 -0.419937144 0.570098069
-0.317851108 6.016799492 -29.859342100 0.212333357 0.177231777 0.585663363 0.761906732
-7.235064729 14.289698043 -39.180226083 -0.627102599 0.607336400 -0.481790143 -0.075914993
-6.954434281 10.154835180 -22.879127379 0.326181068 -0.512698115 0.339309834 0.718063640
3.689661024 16.314347184 -26.499033561 -0.618755303 -0.369536855 0.143377538 0.678253101
-7.993420982 20.423314191 -31.105372319 -0.470245237 -0.319140680 -0.146851945 0.809600611
-1.426169383 15.145315683 -23.338907063 0.307847148 -0.853324694 0.392483613 -0.151735672
-3.757756691 11.153133688 -25.599934969 0.089411898 -0.200121044 -0.470737808 -0.854612776
-0.910901228 16.426415516 -34.496518588 0.725604414 0.156137868 0.125864196 -0.658238107
-5.617900344 19.311803355 -29.058019394 0.542289243 0.155260173 -0.067158500 -0.822986265
1.712163883 12.246958408 -23.834276238 0.736113067 0.446618219 -0.506605430 0.044951738
-4.368099155 17.718953941 -36.169894931 -0.034387874 -0.045218625 -0.970327161 -0.235027553
-7.879408540 9.531694925 -35.702427594 -0.712132742 0.007017228 0.669515521 0.211108227
-8.686253011 13.945369166 -32.507563145 -0.095362924 -0.537776576 -0.406026262 -0.732697033
-0.609778497 12.865157429 -22.559050120 -0.148838936 0.136682721 -0.041166180 -0.978504037
-0.597854077 15.237271283 -33.523192124 -0.643059381 0.594133300 -0.424473728 0.230872928
-5.760299512 12.164013631 -28.729837826 0.765054410 -0.542817679 0.064258088 0.340457948
-1.101368337 22.731072538 -27.853545652 -0.462397449 -0.667154054 -0.447853038 0.374862272
-6.848325961 6.262453478 -32.618682235 -0.163958404 -0.567723463 0.620116342 0.516007204
-12.116312024 14.551595290 -26.589582580 -0.269404029 -0.933687284 -0.221834930 -0.080242064
-1.230398455 11.659543174 -20.770128829 0.074538750 0.676860937 -0.251960946 0.687618301
-4.011363339 18.058613462 -21.491147154 0.367899653 -0.645059010 -0.235749142 0.626874040
-4.000372088 22.544075591 -30.940542609 0.904203895 0.137963036 0.357472313 0.188666538
-10.437811650 9.419006236 -30.080005579 0.291093358 0.622917738 -0.634947500 0.352249658
-3.064718141 13.275826640 -27.929358695 -0.744892111 0.555049271 0.349481966 0.122140924
-5.476431982 21.172300090 -35.182054468 -0.699514766 0.284487595 -0.424555210 0.499498522
-5.265672457 15.084710872 -29.848441240 -0.617949433 -0.183040363 0.618066647 0.450142581
-10.469691527 13.124237348 -34.013708802 -0.797179218 -0.442903962 -0.409859142 -0.018890716
-11.580675512 18.763183943 -30.814529026 -0.274552373 0.052900782 0.287479008 0.916066767
-5.352616820 6.191944290 -32.310851897 -0.653691948 -0.454372491 -0.597651762 -0.095104403
-1.449115883 17.400012416 -28.958345154 0.159083964 -0.423876412 0.431416248 -0.780321152
-11.111605833 11.231894828 -23.800423211 -0.495509385 0.754801393 -0.429496020 0.016687574
-5.011017442 21.880331853 -25.785686383 -0.217573875 -0.604614305 -0.748059627 0.165861225
0.376600465 12.848296081 -25.073910720 -0.184110972 0.486463231 -0.501187881 -0.691568784
-4.330668264 5.209315832 -27.785887293 -0.866392329 -0.407866212 0.272728492 -0.092890548
-3.441842530 19.875176598 -29.774736128 -0.176185955 -0.125385380 0.976338535 -0.000284276
-4.538538597 6.718357996 -34.928447333 0.028741011 -0.882422660 0.417133302 0.215647887
-3.721404931 12.648947927 -24.992562639 -0.427373923 0.412357172 -0.770741120 -0.230805587
-7.205996513 8.106207964 -34.731945785 0.334755410 -0.817159098 0.066892261 0.464451557
-1.158075989 13.251355003 -36.663542847 -0.873024685 -0.208586228 -0.004447071 0.440794633
1.796882689 20.146913145 -26.882877749 0.136771869 -0.659232211 -0.698892454 0.241362148
-12.463262821 15.487151043 -33.682261907 -0.326883438 -0.051006101 0.913639617 -0.236237687
2.584914612 7.570271079 -28.138991501 0.712887382 0.429222918 0.009548239 0.554498060
-2.997872999 7.451019294 -25.067706540 -0.195105168 0.958952540 -0.189778488 -0.079549517
-3.842115861 14.278937540 -28.131189586 0.280909723 -0.826397198 -0.259069596 0.413570239
-3.705088460 21.264551653 -33.716206488 -0.461430870 -0.295959848 0.179153165 0.816941530
-10.683961918 14.809666733 -31.530177783 0.328384739 -0.754462162 0.473511651 0.314224484
-8.360830807 14.708831985 -35.354767356 -0.056563148 -0.201881722 -0.508285723 0.835278399
0.188718670 7.050848895 -29.022247730 -0.352736677 -0.557189421 -0.226521586 0.716801755
-5.193107203 13.952781542 -21.760972133 0.875032215 -0.016710867 -0.483116744 0.025250366
-8.275980697 10.690286924 -36.264347930 -0.500812770 0.242364893 0.684736142 -0.470725232
-7.177259742 21.743313235 -33.771909705 -0.784139148 -0.038452667 0.602377712 -0.144181415
-0.646880802 14.800273572 -29.356792499 0.026867331 0.802450299 -0.580560033 -0.135283821
-0.166340406 10.403658957 -29.278820853 0.956408426 -0.047001256 0.218793255 -0.187625470
-9.114234545 19.735373246 -35.493696310 -0.147408344 0.389386948 -0.561836568 0.714834425
-9.296613293 12.403374974 -38.357860778 -0.247059487 0.735480522 0.257184041 0.576095808
-7.851069172 9.693910193 -35.390168627 -0.332632117 0.801195419 0.036404998 0.496101251
-8.508908803 13.266406809 -37.662716374 -0.320312401 0.447549208 0.565176720 0.614552640
-9.316383120 18.695227002 -30.575056581 0.408575021 -0.813177599 -0.413818861 0.023719109
-8.176310191 15.525440516 -35.008030150 -0.980674070 -0.172525485 0.020610996 -0.089936159
4.785730122 12.419068789 -28.293068184 -0.388080932 0.693158316 0.255020440 -0.551261566
-0.899963270 21.354419189 -29.984325157 -0.396369134 -0.755526620 0.514337980 -0.086761045
3.384161332 12.358054566 -29.757576761 0.190885413 -0.089628320 -0.500082623 -0.839908860
3.857381305 13.704411239 -26.732743706 0.592915076 -0.756453720 0.006788530 0.276013402
-10.099732623 10.514808161 -25.238511173 0.674370799 0.032290837 -0.624601253 0.392497900
-9.833296903 19.450093891 -33.515309475 -0.692912012 0.573756079 0.428376473 0.084678821
3.014470764 10.316845673 -26.657650888 -0.118317328 0.814001937 0.509192048 0.253229767
-10.821881772 15.816763475 -36.549549996 -0.047600245 0.589308562 -0.094970277 0.800893427
-8.982674453 11.224750103 -38.269439038 -0.787035164 0.003540823 0.497365102 0.364953516
-7.052422924 14.411221443 -21.969665565 -0.457294804 -0.057989868 -0.697100876 -0.549152990
-8.025782518 15.302911335 -30.971289305 0.728047903 0.230792581 0.642258316 0.064693827
-9.386994454 16.936337638 -27.989661214 0.655194855 0.108006177 -0.423204670 0.616402608
-5.778390277 19.889809535 -26.072805308 0.298588408 -0.751416479 -0.131430871 -0.573536541
-8.722476887 6.983140225 -27.653933402 0.343618809 -0.537901526 -0.137973610 0.757331728
-8.734892927 15.672762013 -35.926951743 -0.627710555 0.610357694 -0.482241427 0.029768266
-7.262474261 15.253076251 -28.211887168 -0.386848888 0.191568747 0.544904062 -0.718838588
3.861324859 16.688544776 -29.683101800 -0.893311539 0.234240652 -0.078075717 0.375539603
-0.853409909 19.139105313 -24.145022777 0.405115664 -0.656546109 0.506401189 0.385209476
-7.379796110 22.184812645 -33.402274545 -0.058861541 -0.381627214 -0.885477144 -0.258507672
-8.248550937 16.652928287 -34.375408045 0.589140565 -0.453566460 0.569553683 0.350427544
-8.667985737 17.589491375 -24.435279313 0.822252739 -0.084338961 -0.560726227 0.048718281
-0.009351857 11.082799530 -35.570029319 -0.298705838 -0.791199144 -0.464036078 -0.263532266
1.646168390 12.619782681 -22.661061587 -0.243851263 0.492362059 -0.521344709 -0.652928678
1.673795090 8.247587757 -26.640481229 -0.097213431 -0.349798952 -0.897700338 -0.249648445
-2.329971832 7.749950849 -24.920854106 -0.784385816 0.099416652 -0.521882612 -0.320146467
-7.235117647 18.459735960 -23.462677535 0.458385564 -0.178599065 0.216798973 0.843198229
-8.950935591 12.457726723 -21.576812918 0.693036481 -0.533102734 -0.171450548 0.453989670
-3.638415195 12.653451482 -36.917873682 0.094444595 -0.597925133 0.315802570 0.730639782
-4.024288532 17.347107012 -29.123065436 -0.029265298 0.758997028 -0.140915140 -0.634988171
-3.224158409 8.037494249 -30.138271048 -0.845462922 0.192114120 0.284015668 0.409413865
-7.629836462 17.740910992 -21.625363263 0.594980016 -0.317451105 -0.096716245 -0.732031109
-0.808132826 12.942094832 -31.402632721 0.863635241 -0.359976976 -0.125903068 0.329695565
3.204214921 11.860399670 -24.044403459 -0.863360047 -0.350111304 -0.171712887 0.320228339
-1.126470304 19.589519490 -30.925647401 0.024337209 -0.846051839 0.243359015 -0.473688058
-9.157061800 15.255011222 -33.635489828 0.818189373 -0.300599181 0.487748835 0.048034952
0.273333279 12.273306798 -35.849802773 0.488107199 -0.684837411 -0.346457576 0.415591424
1.342101010 11.894009869 -27.081990117 0.098070155 0.345232642 -0.358881694 0.861626716
-0.878473429 20.576796223 -26.872306139 -0.202687018 -0.611801076 0.599433809 -0.474654111
-5.836788404 7.687872742 -23.763154352 -0.582098559 0.545491760 -0.292025655 -0.527561393
3.212138025 8.569759206 -30.168716662 0.254653229 -0.437684775 0.774749198 0.378612532
-10.715554766 9.153638116 -31.473282235 -0.261953787 0.548429966 -0.746506363 -0.270800731
2.342956599 7.701291040 -29.742143435 0.733180815 -0.152865372 0.133600069 0.649021643
-0.105100179 14.790622166 -38.283308527 -0.752734806 0.372563602 0.342836266 -0.420773061
0.282268092 15.447386981 -32.246645049 0.481099152 -0.865582891 0.017020118 0.137913671
-7.530147955 10.362015107 -29.962450987 -0.386016752 -0.729485747 0.049926300 -0.562449089
-4.438915679 7.471629314 -31.977262360 -0.907876303 -0.218237869 0.268799957 -0.236388312
-3.269067758 6.494128847 -28.489441693 0.135853339 -0.670302892 -0.438988853 -0.582689189
0.174330156 12.411483058 -33.274605983 -0.640253185 0.424356131 0.254670727 0.587486642
3.024576365 8.383047086 -28.941932025 -0.761471203 0.181882591 0.260461098 0.565013581
0.433160573 13.160199111 -36.872430333 0.369855951 -0.445138970 -0.067803174 0.812687273
-0.925673858 12.555515715 -29.526387789 -0.564010877 -0.103804059 0.518159072 -0.634529451
0.436870453 18.977600755 -32.400828909 0.098853581 0.664788136 -0.367774795 0.642671304
-0.627178109 21.392060725 -31.639377727 -0.657300838 0.112737601 -0.658916320 -0.347958509
-5.334720682 12.140589412 -27.203462944 0.179470623 0.520638534 0.686151502 0.475312454
-5.967114283 19.688672164 -28.985574150 -0.392647783 0.319753789 -0.029115163 -0.861822221
-0.461967568 15.305192814 -32.981358692 -0.708952601 -0.396965461 0.299797743 0.499925940
-12.685546709 11.303116824 -25.478578701 -0.136825236 -0.332753114 -0.634442641 -0.684132119
-8.441821913 9.485245620 -30.934349519 0.604057317 -0.436338847 -0.458192742 -0.484543682
-2.260671553 14.490365042 -20.344839786 -0.182667571 0.056624352 -0.001774079 0.981541183
-6.863035518 19.605597585 -25.362830494 -0.484843513 -0.331331831 -0.327307571 0.740280852
3.713749942 10.706471363 -33.710396129 -0.406886198 -0.430076808 -0.747734214 -0.300617874
-9.402252596 21.258676604 -29.879697691 0.386024782 -0.229722506 0.893416297 0.004444971
-2.448975145 15.509177102 -27.170388369 -0.055601429 -0.789443565 0.457450025 -0.405495763
-4.964591192 13.765311652 -37.010439230 -0.333383182 -0.458551435 0.252047909 0.784256391
3.717085453 15.972181922 -28.440391536 0.700732062 -0.334560621 -0.028187542 0.629483304
-4.053778582 13.576683514 -23.005636029 -0.544559729 -0.814482470 -0.158957291 0.121678213
-4.904728370 22.332627762 -30.618333029 -0.687518024 -0.106077935 0.688896892 -0.203684831
-11.542303148 9.160487891 -27.070215396 -0.905308917 0.341161994 -0.063355463 0.244970087
-11.958276713 14.368092574 -34.069987601 -0.250545254 -0.146391436 -0.849081972 0.441425450
-0.174110506 12.510370755 -35.841746616 0.600385581 -0.766248667 -0.193171262 -0.122820997
-10.718048008 11.992657016 -35.842379979 0.228961392 0.354138153 -0.160186059 -0.892470322
-5.422122556 9.113597818 -21.284294958 0.842824995 0.153099438 -0.481663625 0.184950648
-11.027094010 11.252512653 -35.355118957 -0.484811826 -0.259520229 -0.614744365 -0.565416758
-0.858899717 8.623082346 -35.490337967 -0.617284246 -0.017723914 0.168850361 0.768202824
-3.899985843 19.684618110 -35.850049711 0.123918580 -0.568044898 -0.579761970 -0.570828554
-6.502048113 5.829760708 -35.589705435 -0.713248617 0.029852513 0.555413589 -0.426498516
1.260483432 10.933312256 -32.377891539 0.205368858 0.475567992 -0.354592020 -0.778410699
-0.929621765 11.508391536 -37.084607280 0.303932941 0.682368387 0.664286007 -0.026874769
-11.812247873 8.952750494 -26.364877983 0.447472793 0.528272986 0.589916829 0.415564540
-1.390855935 18.721792896 -23.970838592 0.496013598 -0.644301672 0.295645408 -0.501437592
-6.464667795 18.263341388 -32.912566087 -0.038241321 0.535052731 0.119093488 -0.835507581
-11.608638306 9.723644319 -30.943304689 0.764844945 0.564927595 -0.288578539 0.112211632
-8.244174424 10.446591181 -24.013605366 0.133949872 0.506025412 0.847054881 -0.092161497
-11.677444470 8.077580627 -30.659173537 0.546642394 -0.076372951 0.764392032 -0.333247786
3.297479638 10.513395080 -33.379101881 0.626723055 -0.340065483 0.699659346 0.045282218
1.362702459 13.238077924 -25.842815423 0.814511359 0.405296406 0.404654004 -0.092526785
-8.684695474 9.661787600 -23.916138985 0.235427894 -0.619979768 0.595361334 0.453589767
-9.848376496 17.216746003 -35.344653746 -0.265512398 0.377565476 0.877942356 0.127140459
1.924217028 11.973683364 -31.094362219 0.807550232 -0.031931234 0.495254057 0.318694898
-4.671899834 12.647904478 -23.171810292 0.172734592 0.847670825 0.179077737 0.468559599
-8.909669602 18.247042382 -36.410914367 -0.295133563 -0.445477950 -0.783561173 0.316981803
-5.471640495 20.663877544 -31.658298557 0.441257201 0.875778971 -0.154588455 0.120023690
-8.555405375 8.351918071 -27.456700164 -0.666873753 -0.693225093 0.069127297 -0.264461312
0.582108635 11.320514319 -25.953093942 -0.093322090 0.736479933 -0.482761944 0.464574215
-4.206844697 16.661071771 -34.731585527 0.217969699 -0.092219469 0.776599582 -0.583847471
3.111237432 19.515124193 -29.224179041 -0.741195972 -0.082782165 0.395113069 0.536340663
-2.995278789 18.275466783 -30.473564837 -0.711147012 -0.274563342 -0.628018372 -0.156453900
-1.968489985 16.538587883 -24.176291959 0.140905390 0.356819381 0.912672847 -0.140903778
-7.629672630 21.546273980 -33.507670859 0.524975724 -0.171283352 -0.133697276 -0.822914054
-10.685458149 7.500157875 -32.939414594 0.219747308 0.934155625 -0.279675094 -0.029090057
0.202311629 9.061781724 -27.139034189 -0.800730118 0.172841742 -0.256612995 -0.512939354
0.105116760 8.726366384 -33.156291238 0.197491218 0.930255662 0.141198583 -0.275108309
-8.453529755 9.534245684 -28.553394420 -0.174231360 0.908817081 0.033006536 0.377631454
-4.826108688 18.853960124 -27.487800047 0.209873740 -0.076476824 0.651409584 -0.725099898
-2.638177133 11.918090531 -37.172635312 -0.359005170 0.187931095 0.411713482 0.816265398
-4.740731266 6.394048245 -34.651888817 0.214670045 -0.199887427 0.951347280 0.094340563
-7.676455889 14.881534223 -29.014790129 -0.173979265 0.686288164 0.638487661 0.301783494
