3.485046930 -16.095511661 34.409383537 0.636500252 -0.426533550 0.245393137 -0.593901312
3.996499077 -13.392344656 26.702945804 0.376770693 -0.849902722 0.230367482 0.287471792
-1.066270710 -8.377747213 30.067200214 -0.653715212 0.103263166 0.746533569 -0.068416160
-1.774927167 -4.829858709 23.735618775 0.414139028 -0.809519352 -0.296149015 -0.292340632
-4.001078848 -11.054872451 36.449513480 -0.670135256 0.363618283 0.147045788 0.630141269
4.891067518 -13.470900911 24.443837424 0.467737704 0.601027209 0.645619505 -0.056242240
-0.517873354 -12.378756050 29.792994053 -0.181474763 -0.508011041 -0.530034696 0.654259057
7.880143275 -5.541812410 27.025229522 0.238839113 0.557941574 0.686520431 0.400433236
7.370914681 -6.864281115 23.121506134 0.061417254 0.171564874 0.980623687 -0.071906886
-6.066694666 -6.329639361 31.890342867 0.396898224 -0.733555588 0.505253685 -0.221555215
-5.015820412 -9.186323548 31.288871574 0.251219540 -0.857671307 -0.381694082 0.235792917
5.713077095 -3.899073866 25.900258585 -0.141233964 0.320994243 0.879827398 -0.320810556
2.547433227 -6.064959705 36.081429979 0.617403409 0.734752203 0.216248295 -0.179412671
-5.042427668 -12.020806844 24.278756686 -0.594967265 0.187748501 0.777880339 0.075277033
5.828416902 -2.668243096 23.086217447 0.317966601 0.244247977 -0.016240391 -0.915956558
-4.931020126 -7.212447353 34.199071460 -0.092542081 0.523011642 0.838540046 -0.121430545
-4.513974135 -6.208808726 34.391647634 0.196505198 -0.860919658 0.156259388 0.442477177
5.168479006 -11.909650645 37.146116369 -0.511966364 -0.541381409 -0.464226901 -0.478842350
1.752726247 -3.109649458 27.796641458 -0.881886947 0.058795087 -0.437897126 0.164513394
-2.414775122 -11.299905155 28.620270036 -0.252706162 0.239691016 0.932689406 -0.093692499
5.541985578 -8.727530553 30.201920321 0.910554988 -0.296534032 -0.007041368 0.287936802
-0.605582461 -16.943770996 23.359144600 0.906591634 -0.420484794 0.035525009 -0.004703324
-0.130652658 -15.476296672 29.616274237 -0.102686783 -0.019283739 -0.854500409 0.508834564
-4.040572774 -11.772292034 25.172222763 0.497769560 0.706748185 0.370508167 -0.339788414
-7.781066338 -12.199782351 27.522044637 0.761012538 -0.369282864 0.239065064 0.476799726
6.468592367 -13.777542573 25.639171674 -0.405156161 0.483168983 -0.641148133 0.437407466
2.266445753 -12.560883152 24.516662786 0.649632501 0.096305282 0.754079585 0.008178399
2.607921828 -12.136867223 28.836277818 0.827178260 0.511523158 -0.135493839 -0.189107388
0.566746401 -11.675407471 31.845886542 0.454507565 -0.577991724 0.202836588 -0.646688302
8.758920473 -4.975861943 30.563162485 -0.493213027 -0.705786706 0.428094925 -0.274482733
5.075629433 -3.704233204 23.593425930 0.560483583 0.299525132 -0.093377627 -0.766435560
3.772952767 -0.040663047 26.545770507 -0.173952881 -0.778547608 -0.597667029 0.079988374
-5.477698178 -9.792129611 29.548871284 -0.117284324 -0.703204395 -0.586384275 -0.384579572
2.197352648 -16.260089233 32.301131884 0.658001068 -0.451342863 -0.599977971 0.057884791
3.743799328 -8.249472100 21.372070285 0.092233457 -0.946265063 0.162812745 0.263756383
8.106397425 -4.521331769 27.467635174 0.376637706 -0.400627522 0.369411736 0.749117212
-0.124016791 -9.513037094 30.239300881 0.690314501 -0.205241268 -0.535655133 0.440925720
2.030622461 -2.841319312 23.106743745 0.082005329 -0.773317496 0.628657229 -0.006727876
8.781482448 -6.967290049 32.394410462 -0.923482004 -0.192047449 -0.016497247 0.331702589
4.145357224 -12.903031591 25.570642729 -0.637388430 0.643676984 -0.153078664 0.394946644
-2.232684883 -5.808997080 24.064248298 -0.884587430 -0.318401654 0.189493751 -0.283227089
7.622928657 -9.095077160 22.699490728 -0.488765364 -0.531887616 -0.471753225 -0.505621279
-2.629123445 -14.433365482 34.630639834 0.372261265 -0.402856643 -0.396442822 0.736180117
4.989631248 -7.111334034 23.408837691 0.202839679 0.474282566 0.795564799 0.317787291
0.709920913 -11.970164480 32.505563742 -0.114852654 0.207902487 0.424407139 0.873764273
-5.405415043 -11.286423327 34.923432638 -0.310512463 0.574532620 0.353569020 0.669688903
-3.304272070 -11.522012245 34.795460209 -0.791436030 0.427126418 0.004312093 0.437233850
4.167652666 -8.565516784 21.737978279 -0.005733094 -0.455576303 0.324316230 0.828997193
2.955781702 -4.512602759 21.775101029 -0.640981621 0.072467982 0.469749898 0.602682327
1.220406019 -3.846666906 26.786967690 -0.246924555 0.870089734 0.138256129 -0.403555896
8.455955150 -6.877165920 21.976806973 0.154156120 0.852715110 0.499112043 -0.000030301
-1.629608699 -6.459449741 27.925458089 -0.322195223 -0.126356949 0.686746173 -0.639221287
1.295887014 -4.915538147 29.741326521 -0.941734204 -0.083458583 -0.298169862 0.131400484
0.406367768 -3.917626579 33.904620654 -0.951280180 -0.114744973 0.164085369 -0.234468766
4.338549230 -3.095510983 30.521077666 -0.577168301 -0.620502256 -0.032147246 0.529924766
1.502825678 -13.398597832 34.341433551 -0.738264271 0.200439372 -0.402626004 -0.502675069
6.570280020 -8.369906276 28.559198208 0.392820177 -0.139930127 -0.797116258 -0.436712192
-0.593655190 -6.898307214 19.834711255 0.524413413 -0.484709094 -0.644693522 -0.272796500
-0.592412850 -6.749449313 28.776085214 0.011955286 0.282028795 -0.860223378 -0.424655826
3.236257074 -11.168846571 21.615388865 -0.756308422 -0.492550362 -0.051798957 -0.427444241
-3.512296123 -12.338246798 29.169298788 -0.316506828 0.064122494 -0.444929091 0.835314214
2.216855915 -2.353292730 22.779702317 0.377648009 -0.062964731 0.643071868 -0.663231480
7.751343585 -2.360739972 32.334521054 -0.057316890 0.949514112 -0.280946702 0.127305446
5.237593853 -8.930345681 21.995179703 0.086407288 0.336686627 0.365598507 0.863431310
-4.503091559 -14.550605472 30.525328325 -0.014226715 0.426044602 -0.401284174 0.810712408
6.595214562 -13.103017191 33.104532562 -0.515962904 0.399924411 -0.749208334 -0.111935783
8.066806410 -2.136323451 26.472918615 0.447752262 0.606390635 0.291983780 0.588688187
5.474491871 -6.995095639 31.126452526 0.585437387 -0.178090649 0.780435895 -0.128322256
-4.409143669 -13.057242343 32.013202413 -0.551391942 -0.768267389 -0.176377752 -0.273172170
6.675574563 -15.024621966 24.901625868 0.661426813 0.107648641 0.431602014 -0.603859291
0.715456076 -3.753766714 28.758052023 -0.346386828 -0.837183492 0.135986371 -0.400808774
6.296805758 -2.799502854 25.966291175 -0.543051249 -0.013568077 0.777883792 0.315924128
1.174991928 -7.816811005 20.168696283 -0.961576454 -0.190063257 0.163584094 -0.111744909
-6.635100945 -9.266419790 23.980367979 -0.580007037 0.548356988 0.565947141 -0.206398363
1.930313911 -17.890071016 30.782669320 0.147204554 0.312064773 0.523104126 0.779299988
2.993373928 -9.880503407 20.528732191 0.726283296 0.061203989 0.384822319 -0.566284760
0.248734064 -8.244731389 23.751559315 -0.006704620 -0.633722229 0.758053152 0.153969491
0.230878100 -11.717756037 34.865907565 -0.309119793 -0.701189593 0.395629487 0.506216769
-1.294170120 -8.279428579 37.224068202 -0.763237907 0.430353084 0.124206964 -0.465657332
9.280705406 -5.545756715 26.812263922 -0.477791381 -0.862301163 0.106191878 -0.129905294
-5.155720993 -15.298422466 29.871049481 0.049590064 -0.700374320 0.710636792 0.044855179
7.512662706 -7.161743165 31.176789238 0.617003369 -0.392696340 -0.349762292 0.585459449
-5.215126398 -15.365948802 26.785494894 0.279053269 0.953663542 -0.076085841 0.082861729
3.777973144 -9.231913975 33.533551979 0.036309636 -0.237139050 -0.858179159 -0.453844921
3.595878486 -10.068229798 19.979568813 -0.215492573 -0.064799307 -0.678034363 -0.699738096
3.650752315 0.508650801 25.684094177 -0.041603385 0.625468552 0.779068325 -0.010525830
-1.753394964 -5.223755634 20.237739597 0.136098866 -0.749719669 0.370995324 0.530810687
0.737311418 -2.158741028 27.107824551 -0.639454067 0.172857744 -0.719106510 -0.210010769
0.568585754 -1.381501566 33.845594277 -0.358695445 -0.665953023 0.523696331 -0.391900883
4.806930116 -0.774139486 28.506144715 -0.450443725 0.618756125 0.071133607 0.639672822
6.475020984 -2.246035293 30.763049736 -0.351557202 0.194644537 -0.854579803 -0.328959569
0.208124083 -6.605928056 27.523211800 0.529175163 -0.759048538 0.276294391 0.259769846
-2.023350308 -8.250650518 33.403123622 -0.644575734 -0.689188758 -0.154537720 -0.292675711
4.336229873 -1.197131009 29.248929970 0.603958051 -0.530186876 -0.400853501 0.439832945
6.114574283 -0.500332653 28.966823205 -0.054276441 0.724176264 -0.170849082 -0.665907950
-2.230972422 -11.194933974 19.956069313 0.593900912 0.471704061 -0.294939588 -0.581194997
8.672532737 -12.671350140 32.562671827 0.031210795 0.459983423 0.396787453 -0.793725931
6.544352058 -14.674246421 27.974818498 -0.033534892 -0.197033670 -0.952591118 -0.229397703
7.745939392 -1.328823725 27.960287214 0.500872581 -0.203182841 0.724355028 0.427963998
-2.970923297 -13.085354712 30.551003670 0.562721048 -0.227630241 0.430356369 0.668074016
5.257811678 -11.827531430 27.594971290 -0.499352967 0.767419512 0.195674617 -0.351319442
0.425462539 -12.441163063 31.047938719 0.434126305 0.845224622 -0.261654967 -0.169311452
-2.521800301 -15.688265988 28.062558302 0.896311463 0.060699621 -0.431260631 -0.083400151
-3.265713162 0.038520913 27.270414313 0.228871410 0.660553758 -0.506430136 -0.504792163
-5.569700699 -8.289520471 21.995101981 0.131878216 0.233190587 -0.577008629 -0.771551248
-3.632162650 -13.286749571 30.656350887 0.239717530 -0.019596525 -0.699774600 -0.672656667
-8.182773123 -7.361705443 26.673628219 -0.338350687 0.867904626 0.129665640 -0.339775213
2.523730088 -4.381715641 20.918214640 0.539954073 0.798339200 -0.170757534 0.204807188
-1.555594057 -8.045723095 34.680850499 0.704571706 -0.241625974 -0.116908249 0.656907954
-2.290216412 -4.662834564 33.981987305 -0.599193601 0.647671479 0.021766014 -0.470122244
2.195354247 0.100557030 26.842251638 0.779412466 0.201181121 -0.558764125 -0.199562063
9.394722509 -8.639770409 34.255506750 0.226907025 0.948348793 0.218593885 -0.036938898
-1.926570485 -1.965697407 29.845963673 0.011262555 -0.613919131 0.585278496 0.529552204
0.084135059 -5.993892112 32.570473064 -0.342401301 0.784952553 0.399798709 -0.326759593
1.875222532 -15.260584956 23.977465643 0.004208737 -0.829769408 0.337959984 0.444126181
-0.815412393 -15.067129318 30.075986193 0.441540097 -0.170453827 -0.697752240 0.537707770
9.303570903 -11.437072008 32.511612192 0.599924361 -0.363834534 -0.544287857 0.459854240
-5.405435591 -11.648661064 29.449792775 0.488553499 -0.608906069 0.066800158 0.621358686
1.082288156 -8.650306780 19.084670767 0.696064172 0.094480075 0.311603808 0.639899407
9.015515979 -10.331047660 30.439305713 -0.875118773 -0.326261602 -0.246045943 0.259194702
0.613798062 -5.394358460 34.784167091 0.678850168 -0.258013012 0.558120646 0.401364023
3.786339549 -5.502641029 20.851409776 0.252084938 -0.301183183 0.184463151 -0.900952396
2.067894038 -2.618410536 33.570937631 -0.559895972 -0.313239597 -0.762978563 -0.079127537
-1.223272533 -10.723233211 29.760215809 -0.619493625 -0.522385635 0.069380187 -0.581830978
-1.016565170 -6.746564063 22.626350800 0.576697812 -0.468439116 -0.112015271 0.659876509
3.463007413 -4.242261118 25.584264988 -0.159618377 0.803614956 0.539455822 0.194196786
7.918516049 -10.988858336 32.518504128 -0.153800606 -0.210402576 -0.929032684 -0.262629779
4.503531196 -0.838115205 30.765863850 0.266814934 -0.753443412 -0.225753938 -0.556927262
6.840382607 -10.125104487 33.441878574 0.533222859 -0.521438503 0.089641850 -0.660105756
3.365870044 -17.124611116 29.876739351 0.249112709 -0.768990152 -0.233764982 -0.540324844
3.137741426 -12.029656055 32.680330078 -0.154491307 -0.681165222 0.660007363 0.276652595
-3.503298507 -9.319823784 36.979846352 -0.229479524 -0.461697440 0.609853466 0.601874881
5.698171477 -9.308116529 30.495314670 0.162447217 0.319729362 0.510736155 -0.781365866
4.930963612 -8.973513578 29.662727079 0.406455957 0.383057022 -0.829359641 -0.014948528
6.734745556 -7.803063712 20.387029845 0.959519252 0.216650042 -0.014277791 0.179392614
7.507313914 -11.370196661 24.446694939 -0.274706964 -0.085265512 0.790893576 0.540141859
-0.736510110 -4.230486490 33.603615303 0.072993349 0.962459668 -0.049220902 -0.256750194
-4.955939025 -12.765047159 31.673669752 -0.271663255 0.755420376 -0.487801617 0.342912108
3.215991264 -5.844051327 28.604606274 0.432948682 -0.869338573 -0.238208187 0.007921063
-3.425004246 -17.039852463 28.212031569 -0.347867612 0.357004832 -0.736178784 -0.457795230
-4.606018876 -3.464194568 32.891807616 0.371438737 0.044634815 0.313340714 0.872845115
-2.378264231 -7.714691550 21.060872197 -0.860459836 -0.315651629 -0.330313829 -0.225534240
-0.262202321 -15.424743382 31.122793990 0.374641599 0.631585728 0.455930074 -0.502862713
-5.054411761 -8.012616559 35.902148377 -0.690166058 -0.405863673 0.470044724 -0.371488154
8.701028033 -15.230241821 27.928048191 0.766277263 0.001190026 0.311094261 0.562172661
6.285573390 -0.577314856 30.363698527 0.260735171 0.603380722 -0.614934783 -0.435665111
3.544456299 -10.991534704 33.761582128 -0.222694895 -0.461306630 0.837587563 -0.189869035
1.810935971 -12.297742378 19.337892176 -0.122431743 -0.824157680 -0.337278058 0.438198698
-3.131166440 -0.199541541 29.332469039 0.305449431 0.228636803 -0.137881626 0.914010128
8.325807641 -11.604470777 31.478523471 0.642752566 0.394182455 -0.311497535 -0.578323972
6.969564906 -8.248653955 25.419192713 -0.017902702 0.131963612 0.851631560 -0.506940613
4.396215027 -11.292911131 31.540370779 0.794702797 -0.199378521 -0.176189494 -0.545575780
0.738225023 -4.075962186 28.053867779 -0.094114395 -0.523286953 0.287789632 -0.796549040
-6.576945973 -4.350691092 25.513508663 0.687527626 0.141335448 -0.676884502 0.221714738
2.495438090 -8.930310739 22.592497892 -0.337349363 0.702930773 -0.447545611 0.437934541
-4.721723506 -9.188335370 23.998911633 0.319837997 0.255508291 -0.867371211 0.282995321
-0.894872308 -3.363320962 31.947511119 -0.090223252 -0.596626474 0.494611041 -0.625505023
2.200263187 -4.929952416 32.255246295 -0.141684257 -0.631727198 -0.501189177 -0.574156535
-0.696696515 -15.146736355 27.917326386 0.347430796 0.831675628 -0.268200034 0.340112091
-0.616663844 -11.331151020 30.710541587 0.669348269 0.637697264 -0.377822411 0.050648987
4.718781431 -3.710638798 32.372222038 0.181968825 0.982725290 0.005554662 0.033279086
-1.916536196 -14.863227528 30.209613862 -0.570565182 -0.601472711 0.552869518 -0.083792881
4.734598972 -11.436181009 35.603924843 0.577361593 0.218396557 -0.657183525 0.432511676
6.238854140 -12.155011367 28.064929454 -0.273600050 0.009860345 -0.526473050 0.804904910
3.778069164 -6.995450772 32.164218430 0.462113100 -0.082382668 0.748356652 -0.468643681
5.634115365 -7.726652935 33.658431279 -0.030625809 -0.514594385 0.839144203 -0.173469550
2.946385967 -12.455642877 26.758889005 0.701248592 -0.608084558 -0.018077187 0.371694494
-4.783289657 -14.018725104 33.205627266 -0.293182628 -0.100126071 -0.934237056 -0.176691369
-6.431030858 -7.598091512 34.651113925 -0.113358084 -0.578987424 -0.745108184 -0.311026208
-5.478284414 -2.206621347 31.867088869 -0.947460257 -0.066415645 0.195011423 0.244700978
4.236151473 -8.714699271 30.036796459 0.756208037 -0.537240629 -0.318556479 -0.195047896
0.142181787 -16.233795977 24.218548272 -0.054593527 0.362489165 -0.898628266 -0.241015337
-2.490155063 -10.826375019 36.724471006 -0.333589454 0.866185472 -0.243732028 -0.281132535
3.481873114 -5.543752374 24.037440735 -0.426488271 -0.088571314 -0.455539289 0.776367718
0.926969068 -17.504055666 30.793471492 -0.647678040 0.650242442 -0.222616204 0.328846389
9.524623516 -11.394511732 24.318855552 -0.348188872 -0.376928514 0.854053180 -0.085337982
-7.721678985 -7.436791282 31.353494834 -0.455204912 0.332851798 -0.824422535 -0.048225013
0.664730000 -7.139561630 37.753619513 0.012749582 0.372896523 0.161217073 0.913670995
10.265052142 -9.401126074 27.604930112 0.545379364 0.160130236 -0.819281398 -0.075482768
6.244817695 -14.267514744 28.301089890 0.233031352 -0.259468200 0.908581002 -0.229898248
5.555304179 -15.864312551 33.249583635 -0.165371582 -0.693708160 0.515316595 0.475257862
9.797329764 -12.236274866 31.828424210 -0.317254200 0.241555931 0.436525911 0.806502098
6.268291948 -6.587598871 36.036657456 -0.339973059 0.341232067 0.138825623 -0.865278246
4.033628354 -16.230523740 33.660298797 0.745312407 0.064229177 -0.310696449 -0.586388732
6.692166278 -5.047132452 27.700444842 0.591324090 0.237205266 -0.408579870 0.653553344
-1.908149106 -8.023330788 36.811303733 -0.727240763 -0.060276257 -0.677969616 0.088571130
-3.501457635 -13.844743186 29.347644984 0.122798416 0.115381385 0.985687308 0.005311867
-0.402607786 -11.687530799 20.409679432 0.022530588 -0.025995663 -0.612989847 0.789341526
8.453834556 -9.952419686 31.744973469 0.133820810 0.721022594 -0.556442044 0.390628548
0.762197129 -6.020355323 23.128078345 0.098136271 0.172568095 0.822677387 0.532720791
3.129939469 -4.424426908 22.139527392 -0.224096142 -0.370589542 -0.901282710 -0.011566596
1.901731145 -14.820511760 25.717485661 0.669182647 0.157406209 0.668597150 -0.283541393
-5.837443906 -9.549849841 31.320068570 -0.065954708 -0.547525383 -0.734471117 0.395497293
-2.448613182 -7.241287071 30.137052102 0.294544403 -0.294895323 0.192311524 0.888423672
-5.004597012 -9.573014801 23.793954301 0.611805532 0.611568125 0.449460944 -0.222852596
6.163218831 -0.605912064 30.743806543 0.551919787 0.065018418 0.831243499 0.013834739
1.890071158 -15.046494935 27.523740478 0.403777837 0.412475403 0.451654839 0.680320077
-3.615891841 -10.632823652 22.541135904 -0.450092355 -0.619056386 -0.207979895 0.609040578
-1.943029455 -11.929924681 26.274385170 -0.398710168 0.069229433 -0.914407054 -0.009860364
-6.931691625 -5.873413437 24.709839157 -0.156570871 0.235528379 -0.923906685 -0.257698238
