8.030196983 47.931692318 -8.772364786 -0.508932744 -0.315255272 0.775666009 -0.199859495
12.704754102 42.956226767 -1.150146003 -0.036650902 0.050163286 -0.989599012 0.129746487
5.475929996 46.918396188 -12.068739698 0.336939977 -0.923828900 0.144086681 0.110682631
9.400374101 46.687275218 -14.307110222 0.296575798 -0.904802488 0.294812433 0.080379620
7.512222042 48.341752989 -14.543713835 -0.257012087 -0.222449056 0.793606134 -0.504629080
3.555347567 41.677989898 -4.591895418 0.192604473 0.916548061 0.263482581 -0.231127883
5.003907680 36.668754257 -14.573748299 0.129083187 -0.679820161 -0.627403112 -0.357137810
17.254118067 43.245314354 -9.868485604 0.562750474 0.420852743 0.103984508 -0.703833855
6.517111348 42.021660154 -6.023491044 0.797520186 -0.226487023 -0.195553957 -0.523854781
8.334896984 48.855319166 -2.180528670 -0.248177614 0.546210305 -0.551837930 -0.579255620
7.230691531 51.160370559 -8.591318680 0.305887544 -0.441942165 0.321034242 0.779780064
10.830938968 33.809970707 -6.714991372 0.803720367 0.253911740 0.277224794 -0.461203657
8.070947051 42.139745940 -2.426426489 0.460701725 0.309083970 -0.497923777 -0.666553023
6.569604780 44.213163088 1.633884268 -0.537922283 0.521692707 0.564876114 -0.345530480
6.724987072 45.872941221 -6.504553554 0.835642632 -0.146441044 0.528875039 -0.023400992
2.942538442 38.287197720 -13.599839752 0.743661013 0.526250994 -0.340946751 -0.231912705
2.945500966 42.206730359 -9.408992707 -0.778005185 0.444921681 0.435056093 0.086480206
14.907420938 40.788636285 -13.888435401 -0.360575355 -0.350591876 -0.587090448 -0.634346558
13.402276058 38.640759039 -14.702972657 -0.560963750 -0.448934797 0.687414141 0.106014236
4.710956528 39.450252770 -8.977356473 -0.670906202 0.258392796 0.694443915 0.029422421
1.833632739 43.625505520 -14.405357362 0.364588815 -0.006777954 0.182064237 0.913171216
0.422605645 39.216468226 -2.620981062 -0.338254137 -0.187928248 0.243746176 -0.889300238
16.460161646 39.230131988 -11.474033534 0.792672438 0.214552825 0.327118045 0.467580234
3.402063124 34.807002234 -5.608406742 0.330599262 0.715987903 -0.508532064 0.345630715
1.216988601 41.269663686 -0.597184635 -0.738594149 0.232679552 0.602168446 -0.194247449
9.812850492 46.112213520 -10.839994249 0.196353379 -0.641224568 -0.663611368 0.331506192
10.537247777 48.884292206 -2.229230493 -0.154343059 -0.060525302 0.537346564 0.826906028
3.099548210 44.834424109 -6.624407057 0.731977382 -0.257003433 -0.602189108 0.188485080
6.810568697 36.435674591 -3.878057679 0.201388169 0.857113098 0.091241810 0.465268605
3.743143796 40.777921916 -0.458909494 -0.150983321 0.355893607 -0.748357138 0.538985502
12.575792533 32.755509794 -7.722817654 0.386393073 0.711225057 0.424412839 0.405873199
7.899432253 43.003485272 1.940769300 0.235309511 0.195967394 0.442693016 -0.842762783
8.134424211 42.404131072 -12.924314295 0.073161805 -0.290883244 -0.709685795 -0.637479695
13.835976101 34.069104883 -4.657370677 -0.581897481 0.082398339 -0.708651543 -0.390408536
2.506467052 36.279975295 -4.626841115 -0.156341336 -0.809535378 -0.564543176 -0.038740937
5.596997721 47.534581798 -12.105026930 0.236119717 0.549690672 -0.555827298 -0.577185983
13.216873745 46.796978868 -4.253298376 -0.440783012 0.013225541 0.276811765 0.853762653
6.664675509 46.210164731 -1.463990984 -0.692606784 0.260885888 -0.632558942 -0.228262088
10.517224358 47.204658012 -6.227849918 -0.242628048 -0.230654320 -0.028255217 0.941876774
10.763508906 48.750410511 -8.800570296 0.053450835 -0.207033142 -0.956725973 0.197371982
4.880832337 49.001968265 -12.018803373 -0.531332440 0.679409103 0.035925211 -0.504775681
2.500072303 42.883584631 -10.849340560 -0.471416818 0.552043324 0.115519601 0.677989361
8.324996527 38.218319106 -13.443481878 0.555513865 -0.196159186 0.492099519 -0.640908716
12.518696511 39.072872387 -2.698360559 -0.119171626 -0.763996561 -0.176900122 -0.608944763
12.256549794 36.940915575 -5.304589433 0.294059920 -0.110697696 0.877290402 0.362817219
9.470538540 39.239765423 1.852971874 -0.041141540 0.320761965 0.871955850 -0.367576022
8.617578742 49.612698155 -2.625242028 0.372213088 0.336756254 0.825008506 0.259641305
5.667565707 36.349601944 -12.823031287 -0.749375545 0.079197690 -0.593125482 -0.283489295
2.964710455 44.958080900 -2.102317501 -0.267106876 0.727629139 0.204561328 -0.597799645
16.644246806 39.108197918 -3.834146140 -0.353333668 0.098347842 0.131721452 0.920941084
7.376050679 41.835595632 -5.037004657 0.131312976 0.004650196 -0.143328388 0.980913988
9.966656853 34.207745332 -9.956840463 -0.708257275 0.171709372 -0.665765118 -0.160138476
12.660218221 42.192142487 -2.552542778 0.283799732 -0.674478634 -0.065760629 0.678389140
6.020227739 35.354970415 -10.216292539 -0.272953338 0.931939109 -0.041611887 0.235062595
8.815967077 43.838494569 -0.664786402 0.092761106 -0.779549018 -0.336143628 -0.520294307
10.818381557 34.313726314 -6.061449935 0.076254975 0.950805470 0.208843077 -0.215728314
6.251255629 40.871937485 -2.662754122 -0.060131697 0.035101208 0.749596152 0.658223133
11.161563972 46.034299427 0.664912791 0.955638981 0.173614689 -0.014158677 0.237511285
1.016819837 40.456193838 -8.084993115 0.760271125 0.380094832 0.457315196 0.261492918
5.723116862 47.568791478 -2.564826893 0.497567186 -0.385869315 -0.776857367 -0.004939553
0.059764905 43.387727519 -11.756104838 0.059846865 0.746193446 0.620442001 -0.233806366
2.325756770 49.277200011 -7.011991570 -0.392665799 -0.159625857 -0.433889373 0.795030294
8.495133329 39.785115748 -10.666348161 0.215855574 -0.221116916 -0.949294402 0.057912163
1.327313403 39.382766443 -5.556678774 0.204091914 0.888011151 0.244641821 -0.331561557
6.748960538 46.839003696 -4.527201292 0.386640488 -0.684349061 0.613937989 -0.072495804
6.885855932 39.401646621 -11.020984876 -0.441196493 0.396306116 0.565223510 -0.573419132
2.422806233 36.987942348 -4.758444869 0.430108431 -0.841170375 0.316019415 0.087010728
2.505888657 39.260149248 -7.173650811 0.101746845 -0.048149251 -0.515461703 -0.849487176
0.444854679 42.891151102 -4.304356208 -0.497202209 0.277827848 0.531447235 -0.627029096
12.332645602 36.781266986 -3.873888824 -0.325617048 -0.257792630 -0.868304077 -0.271227814
4.673684277 48.553701607 -13.161408233 0.099373372 0.689198665 0.169235680 -0.697487933
0.933458428 35.601169514 -5.657369824 -0.010451454 -0.895255456 0.268336140 -0.355533614
7.231077348 42.565385194 -3.821334879 0.204483172 -0.897747358 -0.236043962 0.310675976
7.099990909 38.269695617 -4.238950261 0.303527198 -0.337111973 -0.277336088 0.846942413
5.108092389 34.155014046 -1.353746443 0.415888018 -0.143249231 -0.747487458 -0.497774360
4.213113474 45.792647130 -3.822093772 0.108396940 0.453027670 -0.858708860 0.213623798
4.695582214 44.733444677 -4.682983264 -0.526836411 -0.578235379 0.555646448 -0.281681145
13.926536652 45.059677256 -11.737504655 0.031841082 0.858237376 -0.501222776 -0.105785068
11.936101519 40.044680649 -3.729286222 0.452080510 0.556142498 -0.678543284 0.160958835
14.750760625 35.963775256 -9.243994145 0.193971856 0.882362199 -0.196660958 -0.380967633
10.091566153 34.203493796 -5.818448685 -0.139541080 -0.047671690 -0.751704917 0.642802780
6.897193076 33.935460849 -1.247372654 -0.098376569 -0.311139198 -0.919186476 -0.220478281
12.035498957 33.280951591 -6.723594675 0.218264308 -0.686317811 -0.202057487 0.663702739
10.341287639 38.859195257 -7.599258976 -0.722743693 0.142911826 -0.311163081 -0.600329327
12.010761502 41.096272228 -14.390504374 -0.200454402 0.654052664 0.114157075 0.720417454
8.263434371 47.103090996 -13.571154830 0.543944865 -0.152661490 0.685060364 -0.459902981
9.131014570 38.401150870 -8.376150979 0.236111991 -0.257978209 0.113366790 -0.929971151
11.502710062 38.958704483 0.988925136 -0.111030705 0.030908106 0.675678401 -0.728131560
0.778685550 37.338649282 -2.152903092 -0.267268221 0.484009111 -0.684858705 0.474627679
8.313767324 33.843278088 -14.049927655 -0.478462828 -0.622604634 0.514482702 -0.344593008
9.037077118 39.875302281 -15.753641885 -0.733065109 0.059627346 0.157675362 0.658937483
14.766427450 46.184602613 -8.943892571 0.103274263 -0.543225707 -0.093568833 -0.827940294
3.031788266 46.322896450 -9.712358431 -0.939880576 -0.008136317 0.338177011 -0.046846689
4.342179875 34.460383152 -8.999330934 0.052371992 0.807252159 -0.453430055 -0.374168827
11.348182463 43.334245689 -9.669452050 0.234307339 0.905962832 -0.245571320 -0.253033879
6.413243651 50.371004920 -7.605113714 -0.128804723 -0.886316544 0.306633754 0.322223631
15.906560283 35.674101871 -7.460247755 -0.179086474 0.913097481 0.267137572 -0.250636275
9.881989211 37.089338634 -6.943715124 0.088393289 0.592428503 0.612363162 0.515971369
-0.419199814 37.463520750 -9.855741505 0.529828466 -0.451516164 0.523148995 -0.491660532
13.134562794 38.941454610 -4.771764577 -0.435498414 0.412945742 0.783887471 0.159177195
6.617800238 46.744867205 -5.524534691 -0.380602218 -0.887224739 0.227286243 0.127730880
11.081392752 45.038038678 -12.555623613 0.033276040 -0.392755969 0.814112326 -0.426446451
6.844933452 41.680054200 -12.214153525 0.270850121 -0.091611131 0.269918868 -0.919451694
1.925712411 39.019441440 -10.193933104 -0.430362914 0.340500828 0.625847394 -0.554221966
2.192738919 47.263045102 -2.549218676 0.298713982 0.166135228 0.882521496 -0.322993579
13.063850965 40.833822905 -15.353957628 0.480694390 -0.490220273 -0.515564485 -0.512650221
8.741243657 50.030817373 -11.796934801 -0.764576923 0.179368910 0.510090258 0.350794601
8.537836518 44.871414488 -15.008082652 -0.367914034 0.726739608 0.247831054 0.524469804
12.239234785 47.844118978 -12.777815278 0.041727781 -0.340179692 -0.095970778 0.934519224
14.765622815 45.145007203 -9.816933167 -0.004340067 -0.607658004 -0.470167449 -0.640058969
8.578901832 37.755190096 -15.513028510 -0.049501007 0.164015846 0.271431946 0.947086665
7.332494893 41.637598022 1.928700371 -0.132903767 -0.559540889 0.450672588 -0.682747978
2.504892592 41.455539678 0.494401774 0.088490950 0.496859913 -0.553347873 -0.662650519
17.249754486 42.271612220 -8.462369384 0.250959100 -0.783526677 0.352951590 -0.445567786
9.784959180 41.938297511 -6.854278004 0.179339972 0.131204024 -0.552960571 0.803030065
9.541412466 35.757619754 -0.514898607 -0.202595623 -0.202351732 -0.073148826 -0.955331377
2.028378718 40.240736144 -5.172666815 0.261608930 -0.445023381 -0.855283433 0.044779539
15.784929810 40.199339783 -5.736303792 -0.804543991 0.412175602 -0.426527233 -0.029912513
3.787060976 42.499605961 -14.601542241 0.212107631 0.833662269 0.486273125 0.153479710
11.915740603 49.833245244 -9.694349289 0.048386715 -0.854934538 0.445779417 0.260818660
6.580560388 39.987798480 -11.451751985 -0.441719480 0.111802440 0.143353282 0.878540808
15.814981103 42.691234112 -6.945993444 -0.424548740 -0.858383053 0.281544279 0.060578222
8.389250543 35.889874679 -7.065757626 -0.157866899 0.266333777 0.695417638 -0.648489530
12.176504163 39.276852853 -15.944950750 -0.271871107 0.902699444 -0.166567568 -0.288920510
6.381155378 32.439440956 -4.499281508 -0.874856664 -0.311860986 0.011699944 0.370447910
13.332070230 38.051198103 -14.352014349 -0.679370697 -0.502283090 -0.146842315 -0.514397209
6.947491624 39.542745460 -17.293200014 -0.028481621 -0.828076901 0.245165876 0.503359847
11.027024189 45.612188716 -4.918481831 -0.551522074 -0.604697368 0.476119604 0.321674708
13.038852132 36.287659053 -10.760905983 -0.621750419 0.635782426 0.433799280 -0.145001062
6.952051368 35.580871920 -10.231609832 -0.102190929 -0.714695368 -0.085779093 0.686592669
14.185258847 39.077692025 -11.522990277 0.174134137 0.692702296 0.667583428 0.210174212
-0.199393944 41.305474153 -12.931411014 -0.039185858 -0.693487956 -0.430715741 -0.576214261
5.561582275 40.564702405 -5.517420185 -0.365622093 0.803574883 0.115932848 -0.455134559
2.838711966 36.771884716 -0.880506622 -0.420601748 -0.262422800 0.341783956 0.798380969
8.049472408 45.335503098 -2.071029833 -0.269845948 0.707509673 -0.350247311 -0.551307580
7.875850398 47.020860258 -3.773694220 0.912768905 0.219243264 0.097176744 -0.330669014
3.810129700 42.200858513 -9.456356176 -0.599154556 0.436084592 -0.667570113 0.072070734
11.181755370 40.002331737 -3.919613768 0.446348087 0.875615096 -0.153665654 -0.102266595
9.244777718 46.272179584 0.266243024 0.637430740 0.094137363 0.744030467 0.176745219
17.005126141 37.334655225 -8.407481936 0.655193808 -0.298664783 0.490405498 -0.490940799
3.823319824 40.615415829 1.103149117 -0.164003430 -0.238200312 -0.613556677 -0.734786833
3.665547247 33.184738753 -8.354970070 -0.329333982 -0.064949406 -0.455468988 0.824541512
15.864451288 42.536280006 -10.967811889 0.172610761 0.076248480 -0.578075487 0.793864236
14.746514132 44.514857329 -8.939931914 0.095879231 0.680558537 0.137333764 0.713292849
12.649668549 43.384421437 -3.537392203 0.120857842 0.898186502 -0.291908560 0.305685756
5.263331356 44.979156236 -4.012742621 -0.395356468 -0.157971291 -0.649882083 -0.629596389
6.524596144 33.124063836 -2.517588247 -0.065810758 -0.889505116 0.440743584 -0.100968740
6.626481687 42.580102149 -9.157457012 -0.858246294 0.055119542 0.012799489 -0.510109114
15.823332251 40.411033430 -2.962267361 -0.300667211 0.255338566 0.804522672 -0.444009815
0.090627054 40.665304340 -6.905548890 -0.434881257 -0.577695435 0.672357435 0.158372207
11.792407478 41.130021532 -8.284683135 0.432276733 0.673292318 -0.428540073 -0.419723345
9.082010679 33.927440968 -10.459700672 -0.303455204 0.813477935 -0.313662716 0.384427221
12.924489013 34.509517049 -2.469490470 0.199277404 -0.191826088 -0.454843336 0.846527500
5.842281003 46.155240561 -1.176072112 -0.728579528 -0.612177154 0.229847795 0.203914183
3.280265177 45.834188955 -1.344113116 0.053069395 0.804699555 -0.277009720 0.522405858
1.225288624 37.234035914 -5.165265713 -0.624804043 0.053629151 -0.602045610 -0.494251865
5.923132429 36.546393669 -9.396284720 0.241464158 -0.776961791 0.578263872 0.060301997
4.950641109 45.518980769 -12.231529502 0.248483168 0.435700772 -0.480863387 0.719160174
4.837208953 46.522186778 -5.395620262 0.555804729 0.155503141 -0.681728263 0.449606997
8.577693084 33.694541318 -12.183584666 -0.791752312 -0.510186266 -0.294355220 0.161843302
11.873318837 34.703295450 -6.976106238 -0.553800497 0.522263438 0.428613685 0.486658217
8.714075113 32.147730558 -9.457936336 0.234722327 0.348585996 -0.904561871 -0.071840472
13.728787242 46.951560942 -8.777340502 -0.670058754 -0.525662604 0.522075239 0.046233519
12.182377631 39.790235700 -0.679002231 -0.236766126 -0.576153669 0.692061463 0.364746051
5.168510474 36.357398036 -11.359968383 -0.140924959 0.344764544 0.918016540 -0.136099955
1.826557930 45.612156516 -10.904053536 -0.548441960 0.774969748 0.307969400 -0.061547982
1.499560864 42.898892089 -7.729657203 -0.332807389 -0.437731149 0.104868428 0.828633391
1.470931197 39.464144173 -4.428921377 -0.207418304 0.491855327 -0.708275124 0.461954905
4.537099767 45.295125185 -9.765493556 -0.378315841 -0.892122138 -0.097554557 0.226888349
13.591847289 41.519299951 -7.639918773 0.362341866 0.027898839 -0.700501917 -0.614188156
7.239682878 49.494694668 -7.739840704 0.106469315 0.306846491 -0.905666247 -0.272540209
1.583742618 40.930356972 -6.748474316 -0.814937574 -0.559105192 -0.045214719 -0.145718097
15.610122690 42.189878783 -5.180423731 -0.297999599 -0.366607973 0.262512479 -0.841357256
8.424076631 41.359905928 -8.380555654 0.095090171 -0.651262735 -0.729960131 0.184317435
0.851416627 42.935928511 -7.995789274 0.731668464 -0.135761436 0.093863117 0.661377204
2.825364623 43.257869850 0.533027116 -0.148339771 0.329444309 0.363643690 0.858618091
13.414359371 39.027748932 -10.333622183 -0.807086197 -0.299991599 0.400097058 -0.313909629
7.142273793 49.268401450 -5.236750701 0.321415778 0.047449976 0.760701542 0.561937329
13.413601746 38.237791552 -10.968182370 -0.569162219 -0.152917795 0.159114266 0.792056290
6.528267380 49.766329252 -4.488340498 -0.782914328 0.352705320 -0.504298572 -0.091252743
10.433862071 36.564856089 -14.186004062 0.039638806 -0.616526990 0.013327543 -0.786222368
2.172525534 44.435878582 -5.591883117 -0.134432911 -0.038899501 -0.941673790 -0.306047536
14.351627342 44.624049856 -4.540370837 -0.995581371 -0.003827883 -0.067804762 -0.064850564
5.535604931 40.530467867 -15.242386857 -0.112174699 -0.986667072 -0.065189927 -0.098260878
10.751231946 45.285047784 -1.923191102 -0.421316237 0.273751169 0.444633576 0.741521348
3.618383206 33.635933858 -5.148285014 0.277149602 -0.540608705 0.594049966 0.527290208
13.723790189 38.609742155 -13.040034881 -0.643011792 -0.261967960 -0.533815399 0.482648676
7.082852869 48.261504531 -8.275574867 0.454449652 -0.768650189 0.275544495 0.355988247
2.885183629 42.245727769 -1.537405991 -0.858557492 -0.263951903 -0.410811715 0.156339890
6.621676666 50.490572557 -11.103657586 -0.233487801 -0.544535739 0.277836298 0.756155584
4.992389586 44.785010229 -6.037874786 -0.580748493 -0.552736050 -0.594511253 0.061403725
10.273437537 38.542804903 -4.494681560 -0.165030126 0.192715627 -0.385194555 -0.887271604
12.897251454 40.113637741 -13.204413758 -0.326294848 0.390825762 0.740861429 0.438076750
3.062714420 35.428659225 -1.678012009 -0.267046550 -0.399167363 0.648330446 -0.590778461
6.015123975 39.092470850 -1.061336165 0.537083806 -0.120044626 -0.758834752 0.348281628
13.455927776 40.742745435 -0.484307505 0.553115279 -0.093927932 -0.623887222 -0.544064120
11.020454003 44.723127099 -14.413416933 0.731398047 0.373782914 -0.569505695 0.031725272
5.896985140 41.046327648 -13.398274266 -0.428216465 -0.739078639 0.448773044 -0.262671237
8.623077890 36.493811047 -15.696039605 0.193718727 0.588716805 0.374231590 -0.689808883
2.225750165 42.645515242 -10.852917773 -0.048366900 0.598838571 0.783798914 -0.157201371
