30.531111194 28.740789764 16.384894316 0.339553038 0.437170002 -0.821939264 -0.134171418
23.968447693 24.032923401 12.979815518 -0.751183651 -0.561398210 -0.344612153 -0.042398531
30.988212635 19.911236156 10.234804573 0.550642235 -0.323218845 -0.756516471 -0.141440931
26.930192912 31.268431829 16.754283999 -0.640986019 -0.733354634 0.034569974 -0.223903598
30.400128002 27.273434504 17.687106478 -0.086694621 -0.646159119 0.223582906 -0.724550288
22.777186491 16.843212814 11.383660081 -0.505853018 -0.162596578 0.021094249 0.846894391
23.860273153 31.082057881 7.090669805 -0.406566603 0.460131067 -0.096694539 -0.783347410
24.925595185 18.251168499 7.253178708 0.670918317 -0.554401159 0.244622715 0.427396412
27.054138572 27.057395548 8.042038404 -0.787523381 -0.208083255 0.010427176 -0.579999619
29.360244364 29.118253872 18.759404825 -0.954615680 0.201478695 0.110517086 -0.189476153
34.578366189 27.863948852 10.262751203 0.456956240 -0.499450756 -0.523064966 -0.517825240
30.766747516 21.438018208 15.820591417 -0.509527430 -0.752172257 -0.178910531 0.377637015
28.536106151 17.857834106 14.548409789 -0.451711725 -0.853394867 -0.078496285 -0.248016231
26.407297433 19.909146834 20.315050886 0.041977728 -0.802180779 -0.594259739 0.039990392
19.210804834 29.986024413 8.976447480 -0.734060026 0.261875560 -0.624528162 -0.050414714
25.869883687 24.780203318 14.040555606 -0.636110193 0.362612374 0.456229401 -0.505698351
30.161659577 19.449707534 13.783539544 0.315163371 -0.186856164 -0.244785474 -0.897684184
18.524743614 25.341028453 12.832707878 -0.180257485 -0.442953412 -0.821554993 -0.310397981
22.467967603 27.256739940 15.464951636 0.679380931 0.371034531 0.147186033 -0.615720065
28.651629066 27.767293891 18.606117241 -0.119268022 -0.775601356 -0.184552910 -0.591741412
28.582863334 22.976907588 9.728744335 0.709897538 -0.105532590 0.440974430 0.538934050
25.603071524 17.118616929 12.134924858 -0.357101290 0.345600851 0.470784401 -0.728972406
23.649085130 30.654358978 12.072609510 -0.239485901 -0.877012026 -0.415772727 0.025088815
24.233407310 18.045283061 15.343659190 -0.327264160 -0.705050383 -0.099351180 0.621233829
25.892679778 15.940376364 9.873333759 0.875031610 0.362188388 0.312679646 0.073285001
23.007796936 27.754256603 12.508388758 -0.312295689 -0.755782441 0.379491443 -0.432724564
24.591481807 16.897453694 10.292941482 -0.156378593 -0.942370013 0.272869651 -0.114134340
24.743798515 19.434096407 5.869711809 0.332642667 -0.003906255 -0.550528714 -0.765670773
27.998433670 15.925131882 16.218823656 0.392945361 0.131130511 0.909911901 0.021425812
33.174090079 24.386133497 6.667181451 -0.868027328 0.345613920 0.127960005 -0.332724830
19.787438861 21.995329502 18.079449563 0.130228056 0.861158647 0.467995252 0.149756076
26.932063735 28.342973109 16.492444286 -0.974966800 0.156450035 0.141966534 -0.069344275
23.792886138 27.005892636 20.052360249 0.416739505 -0.315399442 0.242015586 0.817483842
23.790291506 31.719736988 10.437748589 0.799121915 -0.410341813 0.246534845 0.363654136
26.400460178 18.421083211 6.648755519 0.703135269 0.419963804 -0.018085722 -0.573501616
16.383053390 22.151653160 15.375919835 -0.752544436 -0.361639444 0.399774347 0.378251577
26.346828509 19.704047282 15.402388717 -0.947150285 -0.210359368 0.225976986 -0.087118746
25.305359445 16.599451633 15.913562032 -0.218308423 0.372899681 -0.790368784 -0.434286134
35.202545352 26.690169037 14.124648302 -0.396269919 -0.071294604 0.114842602 0.908129070
19.719882502 16.594139936 13.679532085 0.441887202 -0.450976120 0.613525803 -0.474280854
33.023330702 25.068688545 14.401228547 0.360664605 -0.549569817 -0.427740833 -0.620428754
30.012665699 23.184977297 11.683010335 -0.909956116 0.039250323 0.083103850 0.404392173
21.871157713 27.832603426 18.178939818 -0.297821876 -0.554313410 -0.275734219 0.726642563
21.711248377 24.990715042 9.955746383 -0.384001219 -0.526486176 0.320149244 0.687648043
27.233530374 28.311925152 16.388452519 -0.009979997 0.020188298 -0.228426248 -0.973300715
27.047839552 26.235379333 10.541945914 0.574938397 -0.543187932 0.531303842 0.303494543
32.788215968 22.468319890 15.328134041 -0.185223464 -0.746973294 0.590864302 -0.242079621
19.581424799 20.908574001 13.966069236 0.005234487 -0.787486554 -0.607497499 -0.103847565
28.531469701 25.995969654 14.864360415 -0.861251980 -0.121699155 0.167729050 0.464005720
31.579068649 24.720257095 14.978466712 -0.167536986 0.825459351 0.435012134 0.318296498
28.614774652 27.877358982 15.347492853 -0.199724623 0.831114877 0.412502277 -0.314960327
19.578827854 23.608146956 13.891227311 0.839945066 0.282806536 0.382853786 -0.260644831
26.155919819 33.090010061 14.591205404 -0.905706536 0.179967263 0.083932933 -0.374516646
23.577705193 28.570836090 12.383267103 0.406437328 0.314538144 -0.084788796 0.853630667
18.804366050 30.787034529 12.852644382 0.090842152 -0.242150259 -0.863528900 -0.432930472
18.393428739 25.595354400 17.835608755 -0.796518683 0.598997363 0.054631176 0.061445757
23.364769134 22.498706263 14.985069033 -0.380858509 0.570264059 -0.525659244 -0.503416386
24.640257974 20.404473691 14.638051280 0.147022008 -0.728293553 0.043077214 0.667920192
33.773293752 26.809901987 14.707142912 0.918150901 0.055666125 -0.188677882 0.343948923
27.567205378 31.365215831 17.614037579 0.486205624 -0.718454715 0.171852546 -0.466790762
23.645696306 22.283780615 14.160129327 0.437564657 0.032336541 0.796848775 -0.415359541
17.383602037 22.151395330 8.960479251 -0.496453072 0.842819364 -0.089457874 0.187582395
29.748369855 25.726173247 13.829239635 -0.669151788 -0.411936458 -0.590586802 0.183715728
27.925764912 20.212198233 7.934601152 0.255489146 0.614931558 0.663890400 0.340343961
27.700257115 32.414312255 16.421961361 -0.764199551 -0.224300501 0.576062281 0.183958092
23.662619958 22.617391363 7.608632829 0.849838936 0.287061182 -0.419689329 0.138674179
19.084894949 23.790639639 18.170011831 -0.610375488 -0.393086461 -0.687692183 -0.002063597
28.047541862 29.935117661 18.380278259 0.236046426 -0.656333564 0.434410148 -0.569908906
22.455810459 19.869280989 8.108786331 -0.264762678 0.451689035 -0.850838036 0.044185717
27.041543217 22.700819544 7.249179882 0.290632925 -0.593976660 0.028176871 0.749620100
24.633937680 23.686580293 17.408654780 0.506941963 -0.380585621 -0.739677434 0.225924157
20.606721368 24.929880908 6.434804794 0.682816204 -0.435554903 0.586345853 -0.015890219
18.749515627 22.920321534 7.804506293 0.505067099 -0.094930894 -0.848391778 -0.126991111
31.397947455 23.281465147 19.125296342 -0.838605168 -0.175085819 0.216546234 -0.468181650
32.681595353 28.982158426 16.910211337 0.415166452 -0.188104718 -0.731614718 -0.506945102
24.614337342 21.829292632 6.261680333 -0.237080259 0.011075429 0.816323084 0.526580391
28.989494831 31.512979141 13.812599672 0.558419431 0.410007433 -0.084718092 -0.716159542
28.879338705 32.117321944 9.099945098 0.062534547 0.683596829 0.684835349 -0.244510430
28.571102642 18.446040466 10.871489262 0.656603431 -0.459496370 -0.180385049 -0.570259813
25.948705631 21.643095950 13.153199638 0.630516071 -0.360333043 -0.152967937 0.670231596
23.860100095 20.379655890 17.390089212 0.938741687 0.151900986 0.146816620 -0.272277461
22.450160842 21.441782079 19.255367566 0.245581925 0.067946214 -0.610825858 -0.749642983
23.516967097 22.186144816 8.448479201 -0.382446294 -0.783831857 -0.159796545 -0.462393249
29.517021344 20.175010874 17.915262713 0.038779533 0.729061290 -0.563901954 0.385979753
30.911861096 27.603511149 13.497353956 -0.076967861 -0.182663900 0.974946522 0.100941207
31.641720094 18.618204329 16.977959856 -0.560030290 0.559222733 0.451654915 0.411878438
31.332159363 20.312881372 17.453957842 0.276917498 0.107347235 0.813378522 -0.500208607
26.933732211 21.089153032 6.305468729 0.702439443 0.246202842 0.469760861 0.474644838
31.854383411 32.167733211 15.049455428 -0.393870264 0.810418911 -0.426323376 0.079597637
24.768062581 16.366750790 17.641010943 -0.686421009 0.257640733 0.512970820 -0.446439681
33.627292890 20.323970980 10.311497488 0.283933822 0.077813709 0.800255797 0.522414845
22.861117237 19.879397601 18.024391093 -0.429586417 0.657918395 0.532168479 0.315270688
19.363524943 23.399503386 20.009569639 0.056091183 0.572067474 -0.684466466 0.448439787
27.524964988 28.959090115 19.082400698 0.124087926 -0.804307826 0.543420403 -0.205877084
25.786816625 25.628921962 17.031488839 0.201716933 -0.040564725 0.948886133 -0.239332174
17.862866117 24.687194238 14.446630189 0.462413829 -0.289137048 -0.634164511 -0.548095422
23.530665121 32.085666744 14.055341736 -0.897146501 0.236981352 0.133358472 -0.348114224
30.146221433 16.206854031 10.767347258 -0.338825754 0.879354845 0.188095035 0.276681086
32.324108096 30.582873533 8.764906963 0.826393986 -0.063874496 0.152574147 -0.538251017
27.821003108 21.363690480 18.548829197 -0.429878641 -0.072886608 -0.242581541 0.866629155
24.803449181 24.613974473 7.160516659 -0.560129414 0.210800684 0.642389429 -0.478700254
21.352575365 22.204422169 17.769237600 -0.481103983 0.826909934 -0.140478794 -0.254999268
20.469500279 28.734879550 19.796390009 0.319180064 -0.134885848 -0.640656932 0.685192375
33.518968213 21.441765275 13.675192324 -0.533094402 -0.334083549 0.755410787 0.183175006
33.821674579 23.904443518 18.333928592 -0.233412369 -0.536469742 -0.776016514 -0.235620990
18.686921002 26.393278918 8.765085206 0.508002162 -0.278414066 -0.493859638 -0.648476730
20.791996028 23.818736177 6.222657040 0.099019042 0.970989492 0.217431759 0.009902830
21.536206792 29.194307802 15.628767169 0.524564260 0.031998674 0.301727289 -0.795467828
24.229739283 31.317237813 8.572766400 0.594203144 -0.107230578 -0.256488327 -0.754743642
28.027204746 28.841051667 10.107945212 -0.095766405 0.633259786 -0.009206300 -0.767936250
24.468655295 29.950067651 17.076022001 -0.013504028 -0.363230940 -0.917097295 -0.163748210
19.244970425 28.962154174 11.750252987 0.062749413 -0.657275841 0.233804657 -0.713713081
24.958774790 27.145363860 20.636759285 -0.681981315 0.491777090 -0.154956562 0.518695714
22.516405280 26.447767515 13.629352421 0.505325362 -0.222556290 -0.741130831 -0.381890126
25.175340376 18.239344128 11.215304024 0.964266275 -0.166653253 0.131104549 0.158835897
22.054075034 26.353157698 11.269899976 -0.229757706 -0.265186457 -0.222073692 -0.909709193
18.982961636 30.488132623 9.563845532 0.175875688 0.250959786 0.505559066 0.806533917
28.338308358 18.977146344 7.948750958 -0.377083863 -0.224866098 0.676125935 -0.591689714
34.945392327 21.098220487 13.460355658 0.527081108 0.260314569 -0.707281922 0.392650116
34.380736836 27.157579835 12.735485879 -0.072473484 0.841894046 0.090388259 -0.527059743
22.892098571 19.619976707 14.512540515 -0.693804653 0.591673743 0.410513818 0.005974127
20.308159432 16.946193719 9.758234336 -0.790080876 0.090324639 -0.598288697 -0.098307191
20.829009386 23.815316946 19.268399966 -0.084205795 0.584352585 -0.777356141 0.217160933
22.626153715 24.107682356 6.885193555 -0.930617336 0.056377415 0.148337959 -0.329801170
23.009778740 20.964439214 14.385129217 -0.120228633 -0.387290317 0.403771706 0.820072982
30.131424732 28.260521572 9.116317757 0.232470657 0.444774425 0.517684634 -0.692918267
18.617644805 24.385181086 6.722954040 0.000590604 -0.808625719 -0.153588357 -0.567921399
20.638712662 29.845857111 11.532220283 -0.306172265 -0.353269227 0.508774450 0.722916286
26.929318805 24.680416770 11.697123562 0.316652996 0.033618909 0.901700110 -0.292468049
20.162523645 30.122543420 11.505657897 0.112403559 -0.658676220 -0.584040212 0.460877540
22.798607819 31.579948577 8.215719635 -0.589760921 0.708852902 0.206385978 -0.327283436
28.398233083 23.576321272 20.408460172 -0.708710985 -0.364629084 -0.562239056 0.220593778
21.348589038 17.089003705 18.198435117 0.137336044 0.343784770 -0.683372014 -0.629248388
23.765727440 30.699712527 7.656966904 -0.792555454 -0.418335642 0.016290232 0.443379940
28.732272803 17.597034195 14.541876952 -0.083698574 0.604765697 0.686941857 0.394162257
23.201115222 18.884727641 18.981419884 0.418012158 0.032374703 0.839218291 -0.346309650
21.554973114 26.289345505 8.224539298 -0.263073670 0.233697967 -0.544004158 0.761732880
27.383904016 33.721543381 15.756018521 -0.526311118 -0.676995009 -0.053254271 -0.511701424
24.393542423 20.784688345 21.259464705 -0.741618547 -0.125407895 -0.312341685 -0.580273610
24.482684936 26.317984707 7.577707631 0.772618184 -0.426344574 -0.469443173 0.030241592
19.587361656 21.212395184 13.468471047 -0.142718147 0.564436536 -0.602085266 0.546384718
24.150242306 25.082619623 3.992703472 -0.615218772 0.652891156 0.199615757 -0.394198619
23.259585981 28.653767714 16.482937825 0.332652409 -0.135420869 -0.540450740 -0.760865666
20.992358150 22.507788893 16.796856139 -0.892569005 0.417038175 0.022623480 0.169964438
27.358005188 15.531501768 15.624786458 -0.261993475 -0.677099712 -0.346847421 -0.593794801
24.846593288 20.556784779 5.061939307 0.470891310 -0.881230018 0.040006689 -0.009720824
20.759908501 20.462422910 11.791781736 0.061886646 -0.082804051 -0.754711982 -0.647860599
29.415023394 17.445752072 13.973779229 -0.249023724 0.019033258 -0.956863420 0.148449709
23.684990627 22.708930035 17.956086938 -0.410342026 -0.820599347 0.231556142 0.323446884
22.353314208 31.843420564 10.692412294 -0.346268728 0.286795668 -0.841631672 -0.299169419
31.947418716 31.527254040 14.455827528 0.152484698 -0.909931221 0.340838328 0.180562520
27.131351958 18.322935907 19.917309033 -0.229218329 -0.948721786 -0.190711043 -0.104953462
21.427097351 24.521659245 7.676223005 -0.694315948 -0.389080754 0.530525002 0.291692910
30.393398522 27.825350787 14.024435144 0.322786973 0.246510377 0.371215169 0.835009283
32.704059076 22.508237468 17.059255704 0.908318078 -0.112123395 -0.255785591 0.311384561
31.298789079 19.627367442 8.866707618 -0.415182552 0.727376331 -0.513898669 -0.185621334
26.407518532 18.231802236 18.472546519 -0.376656490 -0.264028945 0.880274407 0.116342482
27.254456544 21.512460057 10.456425981 -0.853876847 0.519831836 -0.016418616 -0.019990533
18.597264116 28.615255340 16.910141967 0.094287818 -0.702969266 -0.621937456 0.331870183
31.525695501 28.250867065 8.960870858 0.641760556 0.442055440 0.619205397 0.096514528
20.677378418 29.714451487 9.925635653 0.989869696 -0.138527312 -0.028255322 -0.013030969
25.206969724 16.818477893 9.286351374 -0.482488919 0.374249954 0.749491645 -0.255741448
24.417757073 30.620809246 6.601840729 0.249022416 0.132797711 0.541539454 -0.791888643
19.862787325 25.798795442 13.867631104 -0.620084696 -0.587263651 -0.408144661 -0.322543500
27.462686838 20.823865010 21.798983526 -0.150769875 -0.137955564 -0.599957811 -0.773490357
19.606207327 22.151185988 6.539514768 -0.041730028 -0.027567030 0.931317456 -0.360758174
29.988700955 32.795889033 9.851000446 -0.938863154 0.040766474 0.211060251 0.268937992
25.129687978 25.858284403 4.880709700 -0.208990858 -0.516016538 0.110006447 -0.823376181
29.580829006 26.092215863 20.432285111 0.124078513 0.421287301 -0.459972211 0.771716981
25.685560014 27.090683336 9.717844239 0.636134131 -0.096793032 0.392275714 0.657331149
21.373664678 17.791776279 9.125468738 0.519273142 0.770619006 -0.090571715 0.358187823
20.642869153 24.471317552 13.976115670 0.103305108 -0.063270384 -0.087173074 -0.988800166
33.123462653 21.230949522 10.639939850 -0.232080612 -0.803729296 0.016253223 -0.547625456
29.688669453 24.813933567 15.668267752 -0.598415380 0.262019716 0.182247286 0.734867762
20.079393000 27.009198442 13.611938679 0.365437762 0.464478425 -0.376366627 0.713486648
30.233695808 21.923560159 16.832698300 -0.340807804 -0.565923040 -0.671876093 -0.334908450
29.532757490 24.035344288 18.432340280 -0.454835111 -0.363513164 -0.297227408 -0.756729192
21.170950470 25.047341102 12.350722152 -0.294816317 0.099329892 0.410378951 -0.857208276
23.848870252 29.261731226 17.621379823 -0.511936425 0.091885267 -0.852514097 -0.051941400
23.491020232 20.333645492 11.700344583 -0.023537816 -0.221910590 -0.919488883 0.323638463
24.813430171 28.030665392 6.718624177 -0.630465294 -0.037229458 -0.669086923 -0.391727164
30.216546107 23.870022381 14.360574531 -0.097558834 -0.114468878 0.003510844 0.988618644
27.692037751 19.210918548 8.379306743 0.922848413 0.043940569 -0.233716226 0.302979799
24.884808919 18.497890657 16.118223276 -0.600174899 -0.075460542 -0.795160627 0.042607215
24.930026239 28.810144961 19.058985129 0.401874968 -0.476014850 -0.315466876 -0.715812142
29.326372987 31.221745107 15.466118863 -0.245102544 -0.589456331 -0.294913791 0.710979488
27.304757642 23.959895575 12.979423433 0.859340443 0.352873697 -0.305628215 0.208819424
17.616256172 25.853597593 10.384381569 -0.315215311 -0.246935308 0.811229971 0.426108197
23.666420282 17.757764553 14.824607438 -0.866227048 -0.002156005 0.368917408 -0.336965872
24.716065084 21.585193182 5.244127861 0.546817480 0.578337398 -0.266813805 0.543439869
18.191902218 18.794852608 12.555352216 -0.429466531 0.494727724 -0.672394472 -0.344512193
27.882489481 21.266743897 5.808857746 -0.447137543 0.654361346 0.060611164 0.606799418
24.762199420 26.405591069 8.660760783 0.220315571 -0.441737533 -0.840614261 -0.222927489
21.991162418 31.633030656 8.480116088 -0.455909398 -0.507231903 0.580258422 -0.445154558
25.534971562 19.002414956 6.292693746 0.445251541 0.414151910 0.761507665 -0.224355380
17.516697314 24.057642628 15.647994654 -0.434329037 0.035588136 0.807650842 -0.397230273
23.878925705 22.432490093 9.558675663 0.226032250 0.177758077 -0.098421318 -0.952693409
22.316148638 27.464211745 18.476818055 0.535857211 -0.057561626 -0.832265960 -0.129911820
34.628803616 22.806964939 10.878565662 0.770312246 -0.105807046 -0.516103923 0.359250126
29.079971092 19.941749974 15.851448619 -0.327579420 0.391048226 -0.238485214 0.826376313
