8.496547030 -6.050033416 -30.795100884 -0.124174187 -0.363700194 -0.703159302 -0.598222313
-1.300173412 0.450697874 -31.710986235 -0.783339050 -0.195807987 -0.288915064 0.514361012
0.499939474 -1.979551272 -38.762538880 0.787337964 0.320445230 -0.359210324 0.385203488
3.994324247 0.795489210 -38.417493049 -0.878134264 0.170160775 0.357513858 0.268531873
6.063745402 -8.921889044 -40.513307217 0.509260786 0.534930338 0.237409858 -0.630982999
-4.443120542 -2.544243552 -37.420786999 -0.525854661 0.375436327 0.690403679 0.325372402
5.695567557 0.571928033 -43.632559002 0.450541970 0.668793641 0.570118546 0.157136378
6.016604436 -0.895377473 -34.402172451 0.245230433 0.701868877 0.664830378 -0.072406368
4.499298335 0.188369183 -47.946006638 0.502418248 -0.856793393 -0.008451559 0.115799643
2.292083085 -5.895029428 -41.424388962 0.603671300 -0.579350314 0.449524000 -0.312829583
8.659700384 -5.271913720 -32.131407236 0.429323145 0.832600995 -0.073218355 0.342193355
-0.238858848 -9.753427078 -41.471714360 0.711567465 -0.225972099 -0.533643939 -0.397281386
9.270052736 -9.139773610 -38.878429014 0.569828987 0.430669690 0.579773939 -0.392021330
4.963522202 -4.842851177 -31.728511114 -0.771986255 -0.324317405 0.546297343 0.020363106
-3.078510176 -6.737062450 -40.042102249 -0.588374986 -0.452337506 0.606568841 -0.285096296
-4.300562838 -3.673695791 -40.012550617 -0.535090845 -0.425686909 -0.708285782 0.175498416
3.551869212 -7.576780424 -38.294971301 -0.509243725 -0.041829323 -0.842910119 0.168593200
0.704468520 -0.973840665 -37.319371360 0.513702482 0.313693641 0.723510335 -0.337992389
4.029237474 -6.011796063 -42.593398569 0.058470866 0.743548616 -0.131939736 -0.652923058
7.980327503 -3.030439772 -29.678937907 -0.606132095 -0.127960959 -0.388140985 -0.682331629
8.869693746 -10.270166863 -40.187838393 -0.591818944 0.542091247 0.362113666 0.474089770
-1.917196639 -7.818059077 -41.263077241 -0.629925816 -0.105616036 -0.768383600 -0.040315783
4.789818228 0.775553112 -40.440762899 -0.587114305 0.537616962 0.569968908 -0.203470486
1.795219027 1.023879293 -32.100477647 0.347717085 0.861206401 -0.327134077 -0.174354981
4.768611890 -5.740871661 -44.587370129 0.502051463 0.830903394 0.031057213 0.237864098
3.390503967 0.571003513 -45.158336539 -0.715208109 -0.080419802 -0.210084586 0.661720850
6.248703385 -8.895186995 -31.200561513 -0.669500135 0.211206899 0.216667003 -0.678392678
0.519088410 -5.177803866 -39.033951486 0.534751454 -0.148427144 -0.048922012 0.830431756
-0.823050222 -3.104737358 -37.942229559 -0.498805799 -0.615962979 0.131036605 -0.595492898
14.455455642 -4.628478871 -38.392821346 -0.278937562 -0.440495629 0.833994583 0.180583699
1.713372658 -4.947922653 -45.274303787 0.362624613 -0.403350115 0.523473659 0.657105320
3.521102052 -7.512846533 -34.127329028 -0.047941832 0.818710818 -0.416228989 0.392641830
5.185464791 -4.785590517 -34.313069732 -0.570322082 0.535444952 0.207089362 -0.587490785
-0.259263531 0.978008150 -33.198182484 -0.377661844 0.792344502 -0.268361725 -0.396917757
4.008764891 -4.663126891 -36.666868771 -0.715683428 -0.020176742 -0.485914235 -0.501275859
7.222468526 -12.038424453 -38.864429428 0.762837484 -0.195452232 0.203117076 -0.581911378
-2.235953497 -6.901730293 -40.380569602 0.479780484 -0.533970746 0.639696056 0.274726929
9.774256890 -5.206059210 -43.462601795 -0.480229736 -0.432682081 0.554609058 -0.523998483
-1.720213649 -4.688773748 -42.282106135 -0.876986344 0.302808021 0.366568424 0.069497090
11.655957147 -3.039555617 -41.821507192 -0.417421030 -0.743429030 0.502403683 -0.143748044
1.792693366 -5.636801621 -31.833262075 0.768982221 -0.487507979 0.361152642 -0.201422650
-2.059830739 -5.851422756 -39.607886245 -0.642150847 -0.212683750 0.693612145 -0.247608773
5.518832030 2.963992225 -36.596979435 0.630405619 -0.336842544 -0.671481359 0.195547030
7.571017151 1.881106396 -46.422861293 0.666812227 -0.555742525 -0.457722077 0.192359560
6.454898504 2.258052579 -39.147386580 0.469106871 -0.055862134 -0.165883719 -0.865621602
2.232731558 -0.974512885 -36.053656814 0.921635535 0.268915562 -0.213297440 -0.181042989
-4.199432603 -3.554669115 -37.636729647 0.800539451 -0.070659422 0.404734076 0.436273036
-1.009342557 5.545647165 -38.621051156 -0.839716237 0.183744071 -0.293875523 0.418033414
-0.414820310 2.114458620 -39.765113159 -0.203764312 0.779367748 0.592240524 -0.017809585
4.451940589 -6.345945316 -43.482770289 0.070913240 0.597907302 0.017862482 0.798222464
5.818799606 -8.864137798 -42.934475911 0.689411740 -0.064842685 0.168592620 0.701486569
7.103889799 0.102634168 -42.586159804 0.367943566 0.327924854 -0.598589596 -0.631485011
9.503041274 -5.470175387 -37.979227478 -0.078007857 0.542191579 -0.834336140 0.061856861
5.081952012 -3.650751865 -39.450061930 0.485223593 -0.015185880 -0.646996436 0.587982199
2.118931013 -6.095545586 -43.182529265 -0.581364512 0.452977728 0.033047682 0.675080983
4.162363980 2.562100233 -43.581683747 -0.050840342 0.533112079 0.483003756 -0.692758358
2.740762677 -9.596777475 -43.330707313 -0.805952150 0.497652389 0.081474966 0.310072673
4.227997759 -2.849775664 -36.930117392 -0.245208259 -0.646511983 0.079162203 -0.718072775
12.809179646 -3.652462476 -34.841701799 0.747968292 -0.637200777 0.077571244 -0.168823297
6.517407659 -2.831518046 -30.380979097 0.176684587 0.269836485 -0.477282344 -0.817418125
2.419159443 0.716898991 -42.866011165 0.051311104 0.394115497 0.809792505 -0.431597318
12.127652649 4.314860040 -39.520512495 -0.762244097 -0.151471064 0.628090527 -0.039277767
4.927084579 7.113634388 -37.947623618 0.169735243 0.423323331 -0.869785160 0.188311124
5.140244857 -5.183430825 -35.274322419 -0.390505019 -0.814774495 -0.251081731 0.347284201
7.695919005 4.065737740 -36.539438732 -0.763825248 0.021220600 -0.354010386 -0.539256268
-0.337898042 -8.999472449 -36.127395747 -0.617354399 -0.328773329 0.350090296 -0.623071768
0.564520479 -7.168215873 -34.584164048 0.135557910 0.703738659 -0.559549623 -0.416269351
8.468655383 -7.384323144 -45.675644741 -0.237791379 0.570203350 -0.784320700 -0.056253352
3.299421197 -0.521849759 -46.983201432 -0.080790822 -0.452348780 0.624565008 -0.631483948
6.951112801 -10.577945325 -33.765596272 -0.251090738 0.741366112 -0.556258429 0.279116980
3.014241709 3.261223517 -33.113536861 -0.043457845 0.748911653 0.348071226 0.562218083
0.750052401 -6.027616327 -37.830447308 -0.664777249 -0.344520663 -0.206475825 -0.629876540
9.540070737 3.285691366 -35.859740761 -0.068409470 0.284092586 0.630281652 -0.719275043
6.785695677 2.848974220 -37.298327513 0.373568282 -0.326952584 -0.514799868 0.698949098
8.978681650 -6.832163506 -34.274760668 -0.717630255 -0.566695944 0.365736263 -0.173492103
3.249875352 -1.135526208 -34.613485543 0.617139246 -0.070667682 -0.640656085 0.451336914
6.434333973 -0.387558866 -29.574172238 -0.783119468 -0.108993351 0.130080059 0.598267103
0.851912026 0.709963054 -34.432754861 0.343126861 -0.554843413 -0.646209246 -0.396013074
6.690002203 -7.271858778 -41.237792514 0.817664916 0.450603178 -0.069776346 -0.351442916
0.768656563 1.307175169 -43.746938538 -0.212138182 -0.359591133 -0.280947671 -0.864152773
5.328114887 5.218297303 -44.670721223 0.716650107 0.427136412 -0.461121786 0.302214838
4.111019968 4.453777068 -37.579956621 0.497886513 0.358873654 -0.782944180 -0.101573282
7.768433640 3.840634417 -43.548916633 0.291909037 0.629206541 -0.181294040 -0.697151859
6.983514437 -6.980326184 -31.533864172 0.514584635 -0.830014305 0.200513092 0.077932059
4.981141624 -6.845086379 -36.189496961 -0.111543016 -0.552024378 0.462114851 0.685038032
1.544507301 -3.472548439 -33.416682047 0.394320525 -0.849467343 -0.284663469 0.204654014
4.302532187 -7.915936357 -44.921081215 0.774162295 0.050806862 0.276747528 0.567011649
0.758847496 -9.154160184 -42.448130024 -0.479703857 -0.109539329 0.420744863 -0.762141132
5.497891345 -5.762379857 -41.258281125 0.191108207 -0.083426205 -0.513262352 -0.832513952
6.095342294 -3.747248232 -47.132532225 -0.136232822 0.718510033 -0.233943330 -0.640667207
0.447898772 -1.329722744 -32.669404634 -0.241728646 -0.338820991 0.764716014 0.491911593
11.420265745 -2.808564273 -39.269678927 -0.012047699 0.445071846 0.458094578 -0.769360294
6.683671283 -6.220909081 -42.599117023 -0.816807959 -0.541768755 -0.197847894 -0.012945447
6.222805729 1.397290394 -47.372820201 0.021882862 -0.851417099 0.334814563 0.403124389
-1.595741302 -7.927016114 -41.450319610 -0.551995524 -0.499252502 0.167452867 0.646534931
0.007433287 1.773090671 -33.729472100 0.390907086 -0.753106799 0.423207010 0.317675346
2.126749989 -2.523769214 -40.037837088 -0.489603802 0.396906987 -0.759806633 0.159520657
1.816430230 1.475923271 -44.572772144 0.315903344 -0.691692237 0.335112809 -0.556296982
6.576143834 -0.980356533 -42.316579984 -0.236868756 0.219681654 -0.701708975 0.635009982
3.338170932 2.940063749 -36.845993326 0.753522320 -0.582234461 -0.185182656 -0.242723152
0.352270450 -7.746675477 -43.524662402 -0.004441335 0.361224258 0.081399228 0.928908756
3.521287401 -3.752022530 -29.432891528 -0.750968235 -0.650511885 -0.100609709 0.052523185
9.927536983 -1.341957550 -31.035591921 -0.817241106 0.379610465 0.433418394 -0.012702950
6.990206310 0.529696453 -44.737825642 -0.630483820 0.718907475 0.057162840 -0.287044606
4.404094662 -2.616196195 -32.336472142 -0.325010455 -0.535725251 -0.603580971 0.493007779
5.600834194 -3.029213951 -39.253017170 0.945947309 0.135335573 -0.041906410 -0.291739307
-1.638515868 -3.828653071 -35.357836058 -0.615211358 -0.259127580 -0.083760923 0.739832406
4.854917088 4.110554094 -39.360068912 -0.498149003 0.289574899 -0.764088858 -0.290107162
-3.837564071 -3.629712595 -39.765628431 0.174077162 -0.913945744 0.347500411 -0.116806608
4.496816642 0.809401616 -41.430000111 -0.201701190 0.678689827 -0.061383833 0.703511744
9.356158399 -5.172866297 -31.858073040 -0.673685992 0.097778008 -0.644289932 0.348535692
3.851597298 -2.258765111 -29.850436315 0.386755694 0.792988732 -0.396602171 -0.253565816
3.803060912 0.420455707 -44.603180073 0.517383874 0.316011353 -0.735850163 -0.301621103
4.716802956 2.334341314 -44.717485022 0.284780569 -0.035394058 0.529216116 0.798484559
12.008416237 -1.572629958 -45.220258913 -0.388590973 -0.622666649 0.340089634 0.587896539
2.108777679 -4.674250071 -39.203998196 -0.364198955 0.319870074 0.856280560 -0.178398039
6.378897134 -6.924909503 -40.231229082 -0.206789580 0.380930026 -0.798369604 -0.418014784
13.028429146 -4.967710214 -42.380873025 0.700717062 -0.705721888 0.037418518 0.097734694
13.054661978 1.617687986 -40.490821919 -0.086120845 0.846581010 0.359207726 -0.383214826
-0.143844475 3.498909751 -38.907268988 0.683389743 0.413883780 0.351737299 -0.487810976
0.296459704 -8.105124698 -33.387594966 -0.010331443 -0.896395331 0.428081857 0.114518973
0.077294788 -3.334941155 -32.879981976 0.115933183 -0.567203059 0.430293076 0.692595160
12.781349170 -3.152712606 -35.972380591 -0.094730967 0.657815706 0.166879294 0.728323995
7.661251984 1.067766647 -41.570325254 -0.731583749 0.548211246 -0.402197746 -0.049866020
9.960349200 -2.552381893 -36.046217261 0.226484489 -0.381384294 -0.840614650 -0.310834051
-2.832915293 -1.395472974 -42.081997462 -0.122502908 -0.590963995 0.444808761 -0.661739950
5.374576491 -7.739313400 -33.996416672 0.199981160 0.534503523 0.125126865 0.811576729
1.988596793 -6.751017918 -46.333219410 -0.754859162 0.634320882 -0.105625532 -0.129104263
8.275997303 -0.549953792 -34.796818330 0.520943170 -0.101194466 0.285365922 -0.798087830
0.680195400 -8.374030617 -35.228278527 0.552412053 -0.528945588 0.513570255 0.388976968
6.114923447 -9.499333548 -31.904099548 -0.584399590 0.178780598 -0.261004641 -0.747255776
2.576962934 3.311613672 -34.003578433 0.650892379 -0.543198610 0.334892909 0.411243384
3.544001174 -4.678722038 -29.006856900 -0.819689088 0.345307612 0.225563851 -0.397483837
-0.097584776 -1.583825217 -37.498825694 -0.927614306 0.236833740 0.260627167 0.124559055
1.378458628 0.060828466 -36.066252457 0.546426220 -0.115544792 0.685533870 0.467023662
11.310523280 -4.705968338 -32.504604929 0.645394328 -0.187218781 0.619699383 -0.405447857
4.625020127 -7.564711079 -37.540556877 0.049164259 0.924332852 0.314309738 -0.210715550
5.556219010 3.493803682 -31.240472748 0.242727761 -0.081980496 0.804745222 0.535488152
13.129041381 -2.630453706 -43.626170189 -0.547086878 -0.299451725 -0.781149342 0.028815241
10.446903326 3.139685629 -34.725829018 0.754154321 0.253911110 -0.188866375 0.575421498
10.319060354 1.582892806 -44.829542693 0.297772857 0.043062079 0.275758221 -0.912926277
11.655818670 2.098383366 -32.805208790 -0.186750514 -0.791165460 0.219860808 0.539298328
4.737815247 -2.188284962 -45.714961554 0.137057502 -0.712163196 -0.688394762 0.012307543
9.754640095 -1.128364652 -38.476655608 0.807693114 -0.043499381 0.520025374 -0.274432593
9.794457316 -2.022965304 -43.928101313 0.146473634 -0.160080188 -0.348738372 -0.911757290
7.087630410 -8.894087194 -35.702053954 -0.329406251 0.765478486 -0.149428872 -0.532170294
1.252954685 2.304901224 -39.158302951 -0.432662224 -0.208652929 0.519991931 -0.706311367
1.211051740 -1.066635615 -30.906099188 0.464586722 -0.670971282 -0.294289557 0.497343316
10.477386680 -0.550301623 -37.039767050 -0.978466329 -0.123497683 0.053425769 -0.156517258
3.708050516 4.749229385 -41.858751815 0.506524747 -0.542538286 -0.426345908 -0.517024230
12.537763691 -0.848671735 -42.892524467 -0.685164483 -0.415673756 0.512201464 -0.308892571
13.954620233 -1.153368212 -36.882117064 -0.609837244 0.256071058 -0.584366159 -0.470151402
1.934483355 -6.612398959 -46.712247806 0.757090755 0.476111430 0.327717415 0.304520591
6.518825217 0.283028860 -36.684807556 -0.113569269 -0.401720839 -0.748289869 0.515543074
4.263334854 -3.878373899 -35.198235136 0.332412799 -0.722332120 0.192535832 0.575037385
8.824378603 6.023031442 -37.771970542 0.892541935 0.082372837 0.350713933 -0.271262507
8.005476916 -5.962467216 -39.331664594 -0.062026121 -0.180802402 0.567998196 -0.800525641
-1.988625547 1.206281291 -38.353341358 -0.786070932 0.323732307 0.463372680 0.250151241
10.605712283 -2.601028575 -42.030610277 0.834401576 0.143669480 0.526599965 0.076325405
-1.334188351 -7.830560723 -43.882524273 -0.025619696 0.021993497 0.109831914 0.993376499
8.161425701 -2.696292452 -32.170691049 -0.055230032 -0.239606576 -0.494556961 -0.833637658
5.850821882 -4.818551271 -35.868440668 -0.406038523 -0.609248886 -0.567455117 -0.376753504
7.068385319 -7.758856583 -39.184352910 0.365290613 -0.546333297 -0.647142474 -0.386379754
4.872258505 6.136660601 -42.785832890 0.367257385 -0.429071726 0.151750432 0.811166613
10.819070742 -2.156619101 -44.350028031 0.136446076 -0.519677481 0.453170547 0.711304604
4.402899719 -10.880103421 -41.107767040 0.829220065 0.239840662 -0.314276720 0.395095791
3.654689466 -5.281422253 -46.186708430 -0.484307625 -0.583402167 0.645171752 -0.094028962
8.926504199 -8.023359781 -39.649541840 -0.840835530 0.098729223 0.531534260 0.026823156
11.027016311 -3.370687505 -41.661699007 0.391452203 0.439443435 0.166173808 0.791227468
11.595023198 -1.720683177 -31.343264892 0.412174661 -0.120461503 -0.062706388 0.900926736
2.212537342 1.581079670 -29.755887104 0.916612949 -0.289711345 -0.257252214 0.098535968
6.706379703 -0.931628913 -38.087683959 0.228047731 0.464936243 0.571623280 -0.636455300
5.087834713 -1.449340916 -35.134399410 0.747061256 -0.607533932 0.215572931 0.162266176
9.821590635 2.276230770 -40.830967938 -0.036739642 -0.918897722 0.246428723 0.305859542
6.629218318 -4.122448655 -38.479659564 -0.435885667 0.320359995 0.002347943 -0.841051512
-1.335807098 -7.104526899 -39.194472633 0.509521691 -0.526918658 0.676982491 0.066626431
12.810302910 0.316582299 -43.191094289 0.180828083 -0.489870620 -0.151316921 0.839303979
2.503195926 -2.052277819 -47.257004752 -0.936690226 0.075980530 -0.064750060 0.335627486
-3.008577339 0.169224851 -39.583739520 0.528680310 -0.150265253 0.623205563 -0.556356280
13.222252564 -1.679822467 -38.128156843 0.641507577 0.228729153 -0.473578769 0.558456938
5.062724759 -4.119612295 -44.024308767 0.378704311 0.845787661 -0.319160596 0.198400584
2.634246610 -6.351871936 -37.877723706 -0.302950045 0.438712861 -0.788698353 -0.306116324
9.796723264 2.856488787 -32.928816871 -0.891346346 0.035144447 0.235584765 0.385702447
3.066828983 3.913770444 -45.586459684 0.650543985 0.695365076 -0.264268656 -0.153042517
9.820709709 4.430825201 -42.759123679 -0.538533858 0.076221569 -0.178792063 -0.819881061
2.412953552 -4.132413585 -46.469963264 -0.403125004 0.605045131 0.429094857 0.535992746
7.285587918 -9.972847672 -34.845389071 0.403738780 -0.314927363 -0.692726306 0.507883864
7.000560326 -2.577443911 -45.809738323 -0.301685512 -0.580796013 -0.489522487 0.576220078
6.206842040 -6.218417289 -43.726026344 -0.136686802 -0.543936734 -0.717623839 0.412874767
7.132467988 4.838251970 -41.044540051 0.282585375 -0.463641364 -0.618754633 -0.567736643
-2.514353030 -5.144235286 -34.731222187 0.389549821 0.145646716 -0.755321672 0.506485086
-2.397819367 -0.484728566 -33.513858035 0.144024812 0.875245276 0.097990822 -0.451220965
0.184525007 -0.875527243 -42.379097199 0.664451000 -0.141797109 -0.567719901 0.464857572
6.002729290 5.095375243 -34.633198343 -0.726185712 0.296428693 -0.275921459 -0.555564299
-3.609468119 -3.686152729 -41.666254132 -0.434088131 -0.891226985 0.003360738 0.131417888
8.961591408 -0.447030042 -31.170180515 -0.168067398 0.438755406 0.864571256 0.178223416
8.888660991 -0.555302737 -33.430214561 0.080214495 0.590532570 0.469701945 -0.651319431
-1.164811872 3.433688787 -38.560787972 -0.164680182 0.458435960 0.748349218 0.450211458
1.535416664 -7.073894611 -31.791473012 -0.627621513 -0.438916824 0.072301853 -0.638917601
6.853181068 -3.302536838 -30.731997143 0.129813993 0.172172064 -0.111108985 -0.970133960
