-8.478790621 23.444185498 12.208106681 -0.668210962 0.248775359 0.428289608 -0.555133266
-13.094217146 29.981006393 20.980962558 0.249937947 0.248388786 0.843849557 -0.404662771
-6.007950469 27.086189073 20.758688745 0.817268251 -0.356411650 -0.397495791 0.216888078
-6.978068919 30.152372731 25.095458998 0.707690230 -0.293052338 0.473679814 -0.434651929
-3.257779157 28.252713549 16.249820506 0.382801065 -0.309772916 -0.607849496 0.622914982
-0.099830641 28.621625142 20.029865100 0.137345497 -0.157182635 0.899715183 0.383330697
-7.383461221 36.630829406 11.848693895 -0.706488077 0.209494941 0.195130525 0.647232991
-12.376145783 25.910055560 17.524974060 0.177346980 -0.153066693 0.962864879 0.134200823
-15.376134733 37.001057570 19.465341492 0.306500356 -0.025418964 0.691076359 0.654083232
-7.662513305 37.700541009 19.085383888 -0.099161049 0.488247993 0.722513361 0.479328099
-10.644553116 34.344024958 10.950572002 -0.001626900 -0.892078056 0.402983220 -0.204447105
-10.101753069 22.947331817 14.990886101 0.027066524 -0.019672700 -0.858925601 0.511006067
-3.448091549 29.410757840 22.700146914 -0.588678890 0.726682340 -0.227594642 -0.271275910
-0.250385993 29.618907344 20.885763634 0.417258860 0.749024670 -0.476589164 -0.194216007
-3.940544124 28.796060437 15.757043917 0.777116276 -0.075831465 -0.463603296 -0.418821999
-2.660078605 34.953041578 22.460532286 0.784501068 -0.515866903 -0.333372124 0.085454310
-10.826979254 31.278283155 12.143841059 0.693742659 0.095985541 -0.705654657 0.107514670
-8.746830148 28.607469033 17.629562982 0.224973975 0.251817647 0.650684799 -0.680135189
-4.844817736 33.747397277 18.582899658 0.028750473 0.338489530 0.149348000 -0.928597557
-8.845016993 35.827481285 13.737048921 0.411950516 -0.579543634 0.121523777 0.692573405
-13.314082604 37.793801964 20.410426673 0.672315689 0.190844207 0.433522301 0.568883572
-3.552963662 24.898129521 22.192678792 -0.363625219 0.265445315 0.387191618 -0.804610549
-17.545582333 29.328975751 17.911404150 -0.103649431 0.685096228 0.663592466 -0.282037220
-7.505537307 31.644924539 8.765778540 -0.187886626 -0.790514700 -0.320960003 0.486589972
-8.046746429 34.700142818 18.212258799 0.525974609 -0.298524323 -0.558705135 0.567523138
-12.196832971 24.223309228 16.007214713 -0.363649610 -0.818625125 0.420326737 0.144697269
-6.163882197 31.785282487 22.354166049 -0.501337431 0.118345252 0.669227689 0.535527293
-11.320641762 28.326816295 12.314508648 0.932672857 0.094735345 0.345159216 -0.044851652
-7.610089392 31.617662855 17.230084754 -0.092794473 0.176362244 -0.157624970 -0.967181428
-1.847687900 28.473334716 17.517039541 -0.534991202 -0.588169159 -0.120759769 0.594355561
-6.037701940 32.440384373 26.312891444 0.079337459 -0.253426796 -0.935832781 -0.231727067
-3.018506631 28.027021501 10.942461670 0.382246720 -0.785680438 -0.471064820 0.121209036
-12.345595578 23.549706864 19.445042098 -0.807791164 0.231917829 0.534582895 0.088930783
-3.041174362 34.741875491 23.867567760 0.191317889 0.722996981 -0.529108461 0.400895333
-7.669934908 38.154703935 23.606986875 -0.570628995 0.407559756 0.683455364 0.202894950
-16.921361903 28.951279340 12.444820284 -0.149121236 -0.302932956 -0.535148040 -0.774345567
-8.999551020 23.911029127 24.003666336 -0.584913041 0.687879178 0.411999807 0.122291168
-5.110032252 37.075174387 18.458927085 -0.463528732 0.199113385 -0.547438728 0.667686913
-10.327093574 23.421491427 23.410285215 0.329908086 0.718580279 0.363692918 -0.492473857
-9.730461159 28.813041991 12.312757638 -0.327884094 0.495378463 0.266323424 -0.759054697
-15.024562311 28.094543940 21.365346311 0.445627191 -0.717526144 0.144279725 0.515515276
-15.154330064 27.090409576 19.384043035 0.327924671 -0.510608175 -0.118753267 0.785902261
-11.327704241 34.944791025 20.516862900 0.380894521 0.558733052 -0.107660310 0.728797639
-5.329876665 25.787155151 12.443488327 0.280722000 -0.937132243 -0.204932376 0.031321543
-9.870290468 32.461414096 19.491582578 0.599227097 -0.688602902 0.267245263 0.308760262
-2.878933684 26.019411126 13.637868588 0.186021529 -0.863630574 0.236506565 -0.404478513
-7.723367429 30.681750963 23.278051719 0.249248188 0.615172144 -0.705817793 -0.247507205
-13.608516548 25.351774050 15.829894232 -0.302031848 0.892666529 0.071332961 -0.326855993
-0.039765040 27.119772904 18.963037085 -0.500229603 -0.248970370 -0.144651853 0.816614928
-5.778005247 29.525258061 10.994360028 0.433244233 -0.182465460 0.225831425 0.853232652
-15.628819057 24.728846032 13.500249688 0.534667350 0.225261149 0.598989424 -0.551905708
-6.787370267 28.055457346 19.231372297 0.213717428 0.495816582 -0.256139774 -0.801799971
-17.480887427 30.500121747 17.413405463 -0.545256759 0.237003178 -0.031112959 0.803465335
-5.811981049 25.108337067 10.871699008 0.342332640 0.042980257 -0.118386670 -0.931099166
-8.188663406 24.964817698 25.933499248 -0.577057366 -0.333051539 0.745537189 -0.015992759
-4.613773333 33.471385092 20.450444572 -0.471695585 -0.685818169 0.300646721 0.465583787
-1.366238362 36.060082876 15.441018146 -0.086128128 0.719247191 0.109498682 0.680643418
-10.626148343 32.618851120 13.650697111 0.087244043 -0.562321829 -0.217436906 -0.793034570
-3.548878680 28.462650948 14.775720051 -0.332334505 -0.161355986 -0.877585482 -0.305551541
-12.263515441 38.432073867 16.888982272 0.330710724 -0.038980158 -0.935397038 0.118925799
-10.278366758 22.218701623 21.087446001 0.777694986 0.223607439 -0.578835343 -0.100696914
-11.675539603 29.123519637 16.937690791 0.005486532 -0.707937925 -0.657780050 0.257136534
-8.846988348 22.742867067 22.985924043 -0.109967623 -0.717839053 0.680129982 -0.100186946
-3.534935578 30.393444772 11.225068715 0.075510615 -0.537127887 -0.334584171 0.770613530
-12.454125605 32.589840273 23.138573337 -0.037442365 0.633469186 0.764214073 -0.115289678
-7.376068593 32.190419784 8.069555301 0.000003177 -0.155485271 -0.738418877 0.656172152
-5.553202434 25.601499659 19.527889420 -0.595784412 0.043477376 0.699159109 -0.392844997
-7.171818747 32.254558817 26.948903857 0.861451169 -0.147643869 -0.462625804 -0.148595212
-8.311889950 39.081577666 16.527489596 -0.480740275 0.628094750 0.606822846 -0.078433452
-3.005141688 29.785608602 16.065319502 0.585630130 0.566478551 0.434486100 -0.383876583
-12.709799466 25.586217606 19.224756963 0.492794917 0.763122748 -0.415611254 -0.045432660
-13.548255139 27.672879036 16.113629128 0.073016611 0.930754108 0.117882437 -0.338332818
-0.705992314 34.917589712 16.097336667 -0.430512985 -0.890080614 -0.014803552 0.148982967
-10.655237291 30.797721953 23.393786256 -0.018178009 -0.571304136 -0.815497402 -0.090802705
-0.425691089 27.465061380 14.430056874 0.230378033 0.224059942 -0.223957560 0.920090276
-18.647823542 30.299048688 18.785956262 0.330040984 0.331724105 0.883044805 0.035551926
-9.872797665 26.657140218 25.028881407 0.500611249 0.603273524 -0.405399946 -0.470213055
-3.032459229 29.882595253 23.437336657 0.167435915 -0.559528276 -0.499812355 -0.639594350
-7.158599110 23.217110453 15.153936496 -0.296237089 0.781018225 -0.126796726 0.534954867
-12.633096929 29.018124518 12.529511586 -0.023399313 0.291263168 -0.879283881 -0.376135742
-12.318137247 25.341021104 16.967130398 0.365591538 0.015716177 0.149954298 -0.918482192
-6.827636911 37.468501847 24.364097069 0.014965854 0.882312139 -0.445153591 -0.152117039
-4.672675585 27.142770496 16.106553293 -0.703763365 0.059486933 0.067804477 -0.704685025
-3.017961851 28.877934327 24.279957061 0.057109664 -0.616829762 0.286862418 0.730732156
-10.037266413 35.010988095 21.041243090 0.823777004 -0.317104046 0.415998587 0.218590133
-8.330650099 26.225754719 23.000884901 0.512614124 -0.729441616 0.432625833 0.134076760
-13.279327005 32.646457301 9.922790774 0.147089687 0.691253672 0.411490307 -0.575507352
-7.219376844 22.749158850 17.975917583 0.238701119 0.379651928 -0.575391552 -0.683966923
-11.211701970 37.416708948 17.054112131 -0.076596360 -0.008166847 -0.309486795 0.947778573
-6.825996341 39.724603030 15.458811142 0.820771400 0.203115914 -0.262430054 -0.464982475
-0.884557745 27.802263432 14.904165531 0.500782141 0.652922645 0.559273219 0.100611795
-9.977524879 33.279317769 9.823352185 -0.457722719 -0.522073068 0.244539431 -0.676853079
-12.457857416 35.646040038 24.766663207 -0.846229881 -0.303448030 0.435553571 0.045906079
-6.594643814 35.355672387 20.951953598 -0.304622196 0.296984248 0.280087026 0.860556176
-15.137478128 25.864819074 17.466018183 -0.010082752 0.106857894 -0.120590960 -0.986882743
-10.512423747 36.186397907 17.139126866 -0.199163684 0.929314546 -0.299440552 -0.083926496
-14.117691250 23.790997014 12.726446777 0.455451760 0.823046083 -0.214446734 0.263004633
-2.469679576 27.751208300 22.036046517 0.140275419 0.278220079 0.257448570 -0.914678429
-12.638288138 31.784318889 23.704946457 -0.404149880 0.837526651 0.059058266 -0.362938156
-7.351917971 29.533464727 11.494781042 -0.598022124 0.788661167 0.110307705 0.090638365
-15.752801869 30.800845009 24.760308665 -0.260261323 -0.193385541 0.751801462 0.574160811
-4.035632697 29.250104110 10.196625396 -0.672879229 -0.353999926 -0.227129852 0.608547143
-8.675473229 21.122581076 19.359718214 -0.856073635 -0.129751515 0.032222893 -0.499263618
-14.417568849 30.100124607 15.375960728 0.221968673 0.402970365 -0.773242690 0.436394931
-2.885089056 27.896591479 19.750861806 -0.607295668 -0.627107375 0.458688428 0.165931423
-13.280244829 37.507095300 22.145171094 -0.116539593 -0.748862319 -0.484133106 -0.437308686
-9.246119240 25.037343326 15.971913676 -0.584889758 -0.004975763 -0.544195163 -0.601440635
-18.284732864 30.244284970 14.124572272 -0.666890996 -0.282475666 0.638783481 0.259652773
-12.198836557 27.758161881 22.456457328 -0.028861017 -0.906982882 -0.114918827 0.404156847
-17.182413291 26.655820462 14.375221500 0.217010174 0.000214935 0.975485134 0.036541652
-4.932030085 35.088647705 13.563256607 -0.043862334 0.657774978 -0.511736935 -0.550938730
-14.145267858 29.627065220 24.486823156 -0.720618337 0.430602717 0.431071958 0.330858701
-17.488451794 26.722368635 19.571863804 0.262264400 0.831648943 0.028639975 0.488627846
-6.365050524 28.890757273 24.549423807 -0.309741280 -0.413550342 0.602001187 0.608794732
-11.316964958 26.552165165 24.753272211 0.162601151 -0.578614541 0.262636065 -0.754843279
-8.820340194 23.852326230 14.115442784 -0.428566712 0.460575742 0.664571920 -0.403168355
-5.132944863 29.540690425 18.596268163 0.163278320 -0.263567055 -0.934187150 -0.176541686
-17.384678148 25.591814987 16.971227408 -0.683462352 0.075147293 0.193878127 -0.699745218
-11.597531524 32.586184683 11.055143937 -0.823165968 0.284468714 0.350883858 -0.344028862
-7.414519658 28.600667132 9.504160241 0.041123381 -0.265898126 0.328547154 0.905352871
-11.341590882 32.176348211 26.178735436 -0.678063751 0.335652589 0.269678950 0.595684609
-7.799845192 35.415939632 11.672848505 0.823991397 -0.287628790 -0.184661551 -0.451893757
-1.062024975 28.499545046 14.699662555 0.534567544 0.639848452 0.550734302 0.039028560
-1.724376636 30.998693697 11.454568951 -0.174816730 -0.065243866 -0.573700467 0.797527506
-9.038881251 33.813370807 9.353461085 0.110462111 -0.875920429 -0.138270435 -0.448823809
-9.369692989 35.302722177 14.059083413 0.138408008 0.682111663 0.044117181 -0.716673271
-12.885633048 29.350581126 24.080654413 0.445959285 -0.270770751 -0.826371325 -0.211929116
-8.056113215 32.771427275 25.527550185 0.874468183 -0.051338210 -0.475061969 -0.083581756
-14.186563134 25.831624797 15.861426972 -0.265417712 0.868186781 -0.386934885 0.161513302
-11.174031996 29.468045633 24.617781706 0.484630347 0.183981726 -0.722168432 -0.457992256
-8.487674552 22.961316452 21.928364537 -0.107419388 -0.947893296 0.277301299 -0.114295078
-16.459645830 30.947182869 19.162231092 0.161091149 -0.787293859 0.568628492 -0.175726090
-2.988325873 25.362124080 16.973164772 -0.616959916 -0.623197582 0.435365744 0.203572848
-12.802219207 23.502215953 22.867835343 -0.072904172 0.881852426 0.108340893 -0.453082258
-5.196000360 38.094401082 19.512058659 -0.832403742 0.450124933 -0.051561600 -0.319112764
-11.746648587 33.495767587 18.047391914 -0.847906275 0.427841518 -0.195931488 0.244166820
-1.562499768 36.236646191 16.567584570 0.319000376 -0.018263087 0.930639332 0.178369433
-14.605781046 25.145144606 14.332892690 0.873581376 -0.212943787 0.180706718 -0.398566939
-4.259123887 29.888049391 14.434604684 -0.351266651 0.850804746 0.080260419 0.382493516
-5.164080314 22.298975157 16.438784462 -0.052607022 -0.746931606 0.280110269 -0.600719498
-12.680096004 25.625576668 23.394136571 -0.708194904 0.454736840 0.256351105 0.475350918
-9.840058881 31.230787843 24.849240425 -0.122295563 0.497097812 -0.417696655 -0.750644433
-4.500972308 30.677180193 14.719178281 -0.810306451 -0.001992477 -0.473138101 -0.345745315
-1.883670098 36.056452363 17.180689529 -0.815113541 -0.068842598 0.255182012 -0.515492729
-10.528289919 29.869088644 8.787094795 0.091063463 0.565082149 -0.115600631 -0.811804228
-12.618150169 36.491826369 10.783473581 0.752650719 -0.028906839 0.523222264 0.398647403
-8.383863576 30.035266919 9.007660288 -0.505080231 -0.369325015 0.061760461 0.777610853
-14.580371902 30.439583341 21.364362788 0.674789246 -0.269211759 -0.590341466 -0.351683743
-5.527159082 32.555041645 24.113870136 0.294811022 -0.118593318 -0.295702461 0.900878538
-7.174573102 27.666925557 9.222263881 -0.221823825 -0.834935471 0.379255684 0.331424313
-3.309471738 30.166068466 16.632487473 0.208009091 0.478281213 0.807026982 -0.276923726
-8.662890383 28.526405297 26.986375804 0.243032442 0.841641582 0.281872050 -0.391309119
-7.049600754 36.116825960 22.509191701 0.399476989 0.477558578 0.780269802 -0.059455658
-17.994406423 26.418393869 15.786725296 -0.168787899 -0.765287484 0.553842851 -0.281253991
0.072668526 33.065611630 19.983187649 0.668711810 -0.689420696 -0.131963801 -0.245171724
-1.981343705 32.491100563 19.602173490 0.306940342 0.852033002 0.320150736 0.278084334
-7.367909654 32.591751792 21.294528451 -0.021098061 0.230794077 0.489035489 -0.840912158
-12.622339729 34.127000831 17.899188493 -0.092049991 -0.651237348 0.718174140 0.227250129
-10.666440571 40.085877696 19.870207716 0.114842166 0.509074195 0.827351261 -0.207712860
-16.013486168 29.764319977 12.691031731 0.631836250 -0.309626498 0.192262585 -0.684068332
-12.383051905 32.693975568 11.199057693 -0.405246375 -0.219147718 0.046843808 -0.886315582
-9.093171959 25.041172428 11.666122629 0.394077588 -0.818208641 0.327754282 -0.260412377
-16.308524062 34.520489958 17.635114357 0.847823970 0.497589824 -0.083212520 -0.163323479
-0.076068472 31.191522343 14.237636998 -0.358174307 0.875908785 -0.263571421 -0.187149866
-16.306019777 33.868133881 15.537213321 0.348780384 -0.372451074 -0.736436009 -0.444178394
-9.822242712 29.909438578 21.220358753 0.661367100 0.411107881 -0.134966939 0.612672666
-10.977089213 36.546736061 22.069699521 0.833208409 -0.399135754 -0.360196676 0.129277809
-1.725677932 36.819740361 16.537742955 -0.117389103 -0.312451920 0.331128254 -0.882580124
-15.968324817 37.430254727 19.009083850 0.253644640 -0.394003740 -0.883302195 0.014236615
-5.528001929 33.152816873 24.363342159 -0.881753954 0.074839043 0.189995755 -0.425218409
-6.071079548 27.136896586 19.075841543 0.024548306 0.672075183 -0.034679976 0.739262895
-9.247013420 35.964493512 25.573551734 0.823087636 0.199390907 -0.523329040 -0.094322455
-9.640523406 32.099037095 23.307802726 -0.095761409 -0.745588740 -0.591351021 0.291943750
-2.147422831 27.327346458 20.789532084 0.705905940 0.027129796 -0.291267904 0.645076574
-11.104030955 23.196944607 16.504430154 -0.617623942 -0.669143153 0.150097535 0.385043942
-13.837703143 35.074196744 12.226149225 0.046828679 0.338700276 0.935317255 -0.090944101
-7.489703051 24.171070257 23.356499614 0.413564420 0.383641666 0.715356645 0.412369267
-1.037411672 31.012389184 17.328615220 0.382474012 0.395072631 -0.504051949 0.666005164
-8.230523951 20.686572846 16.875879221 -0.056892991 -0.651233800 -0.084823431 0.751972547
-4.489459370 30.345917712 14.724485490 0.036559828 -0.475739054 0.227621725 0.848836899
-7.910493146 27.020172707 24.660492813 -0.451797452 -0.254275516 -0.760042325 -0.391865651
-7.224631185 34.484286998 22.886924163 -0.404361589 -0.374166723 0.492485718 -0.673757216
-8.475996830 36.236266691 12.810498595 0.260763622 -0.446793346 0.779974760 -0.352161062
-1.386947144 34.199460590 20.329274902 0.499790040 0.556348521 0.270387239 -0.606281271
-2.981653872 34.567261114 17.685037611 0.120796206 0.365983812 0.899527421 0.205704995
-8.969442483 32.705929873 24.286874041 0.056183110 0.027114439 -0.729669859 0.680947988
-13.596068009 32.540353996 11.172653184 0.069472272 -0.356298811 -0.636082745 0.680899040
-8.531283581 25.637770108 9.774904123 0.077264934 -0.541108753 0.404349613 0.733302692
-17.252534396 27.290778456 21.960267870 0.523332941 -0.091454086 0.827436565 -0.181954703
-16.298481629 32.176672263 21.667327845 0.286367938 0.074165500 0.311593128 0.902996459
-6.974308636 32.905567478 19.792384408 0.127155261 -0.907749933 -0.397196884 -0.045345727
-13.514040958 30.892901783 10.786296299 -0.644083019 -0.239767817 -0.419811484 -0.592812598
-9.661817596 24.250264581 14.799317657 -0.471263286 0.130548151 0.607870967 0.625588509
-5.646648075 28.765948563 18.870153279 0.773947752 -0.535848395 0.281669250 -0.185832743
-9.152699863 27.167626462 21.767698472 -0.693981764 0.322444849 -0.516474546 -0.384282023
-7.893654938 29.759024899 10.901260540 0.074996858 -0.963551091 0.021680110 -0.255880321
-17.637967392 32.123144666 18.668945251 0.542148701 -0.092085053 0.808485404 0.209634159
-9.466276037 30.761700729 10.868208470 0.299749936 0.600261812 -0.059511631 -0.739117108
-10.771756154 27.636865517 13.166455358 -0.054331807 -0.190520963 -0.651649939 0.732189986
-0.909004842 33.234387643 15.991089577 -0.731742101 0.615315468 -0.293155810 -0.000207950
